1 0.007857310000000001 0.961789348 6
2 0.004793983 0.735802717 20
4 0.010431529 3.122816486 16
5 0.010364753 3.144517189 18
6 0.010065684 3.1112473560000002 17
8 0.003875349 0.9086344470000001 7
9 0.003900737 0.9127546729999999 6
10 0.0074917659999999995 3.102867361 42
11 0.6184276169999999 2.3718023710000002 37280216
12 0.0032290210000000003 0.912252084 6
13 0.0032978020000000003 0.91320713 6
14 0.003933129 0.910649394 6
15 0.003992953 0.9103460999999999 6
16 0.003963777 0.9115106940000001 6
17 0.003932598 0.911500036 6
18 0.003932288 0.916737243 6
19 0.0039264569999999995 0.913289888 6
20 0.003974277 0.916366092 6
22 0.003265672 0.914922212 7
23 0.003283175 0.9134477040000001 5
24 0.010744684 0.741774698 36
25 0.003291591 0.90873045 7
26 0.003936335 0.911273711 8
27 0.002647307 0.909131705 4
28 0.002601982 0.9126638049999999 5
29 0.003295728 0.9094605339999999 5
30 0.000551167 0.911155093 1
31 0.0032859499999999997 0.910395112 6
32 0.001944373 0.90820237 3
33 0.003263858 0.913021062 5
34 0.003286522 0.913435741 9
35 0.003296711 0.910802162 6
36 0.003279188 0.9115934569999999 6
37 0.003978375 0.933446107 6
38 0.034195038 3.1676558310000003 237
39 0.00327553 0.9337839080000001 5
40 0.003246375 0.9341705840000001 6
41 0.003278445 0.922596636 7
42 0.003294997 0.9141215030000001 5
43 0.0032721039999999996 0.911597051 7
44 0.0033135729999999998 0.906742153 7
45 0.003298694 0.9122984270000001 7
46 0.0032968710000000003 0.911035579 7
47 0.0032725239999999997 0.910984124 7
48 0.003967675 0.908077786 7
49 0.0025935259999999996 0.911288596 4
50 0.002607832 0.9126809109999999 4
51 0.002654812 0.9127932959999999 4
52 0.0025850189999999996 0.911252722 4
53 0.0025840670000000393 0.914960495 4
54 0.002659561 0.910084948 4
55 0.0026255659999999998 0.912132368 4
56 0.002619274 0.911427662 4
57 0.002603995 0.912013055 4
59 0.007322776 3.118134893 16
60 0.007461300000000001 3.099951241 20
61 0.007451421000000001 3.106831485 19
62 0.14852425 0.702118094 302258
63 0.149567943 0.697819461 302257
64 0.01319062 3.100170564 113
65 0.003921558 0.910725817 6
66 0.00401772 0.910581906 6
67 7.635882409 1.3999970359999998 172543
68 0.002570342 0.9126294810000001 4
69 0.002575251 0.91034797 4
70 0.002584688 0.9108865330000001 4
71 0.001272367 0.9109801430000001 2
72 0.047437701 0.699596721 22336
73 0.005446624 0.7326285630000001 30
74 0.003977815 0.9085450620000001 7
75 0.00398045 0.908360744 6
76 0.003963898 0.909695069 6
77 0.003957316 0.9087855330000001 6
78 0.00402291 0.911282387 6
79 0.0032933240000000003 0.909454005 5
80 0.0033110680000000003 0.911362983 5
81 0.0023610479999999997 3.106840112 2
83 0.0032476640000000004 0.911962517 5
84 0.006624533 3.1042571779999997 22
85 0.003906497 0.912271284 7
86 0.003884594 0.911992902 7
87 0.003339779 0.913059017 5
88 0.0033202310000000003 0.913587079 5
89 0.003983583 0.91358903 7
90 0.003282129 0.912199707 6
91 0.0005519289999999999 0.9140321680000001 1
92 0.003975827 0.91453412 6
96 0.002642604 0.915625863 5
98 0.009202111999999998 3.1168137939999996 115
99 0.0025987199999999997 0.913516273 4
100 0.006000607 0.738276711 46
102 0.047400676 0.703515842 17700
103 0.003300595 0.911368936 5
105 0.005942265 1.903519455 1
107 0.002567601 0.9137911729999999 5
108 0.010364142 3.110076782 71
109 0.003280947 0.912486314 5
110 0.001929568 0.912375771 3
111 0.003989304 0.915895559 6
112 0.0033353000000000002 0.91110983 5
113 0.003334609 0.912804269 5
114 0.000561808 0.739979894 1
115 0.075897092 8.303085741 23050
117 0.000556828 0.730678556 0
118 0.00617567 3.107747136 14
122 0.00056797 0.7279805090000001 0
123 0.00516622 3.104276063 13
124 5.71232128 4.77699054 76388701
125 0.017583263 4.775446003 27850
126 0.643119081 4.790310474 9183151
127 0.056116205999999995 4.774532091 527701
132 9.424155450999999 3.0991207829999996 60480400
134 0.00125772 2.401208594 0
136 0.07559967700000003 1.7199652719999998 1246249
137 0.092344625 1.914208687 1008687
138 0.009595368 1.935933231 79853
139 0.008470841 1.638420034 24856
144 0.001343504 1.001744186 1
145 0.006198211 1.925953322 5554
146 0.014501143 1.926997949 41592
148 0.018333437 2.4125879699999997 18793
149 0.0052713199999999995 2.1760390609999996 43405
150 0.005885827000000001 2.173094594 50972
153 0.000978661 1.3855041019999998 0
156 0.587815229 3.103280033 11927180
157 0.11038828599999999 3.114722787 136607
158 0.010398374 1.657070292 459
159 0.006304103 1.655553192 239
160 0.016884723 1.6544863289999998 10666
161 0.134247784 1.656370956 471026
162 0.084352428 1.654838697 284700
163 0.006301177 1.6557236629999998 12107
164 0.003655568 1.655433626 20
165 0.003641782 1.656187964 9
166 0.009402591 1.653986594 1507
167 0.00231475 1.6545316439999997 3
168 0.48143602 1.656527813 986775
169 0.467683609 1.654210892 2517306
170 0.069894045 1.6537094909999999 195192
171 0.012534333 1.6519651809999998 23347
172 0.0036534740000000003 1.6533446459999999 46
173 0.005522537 1.655200439 2064
174 0.007901879 1.653469733 4200
175 0.002320501 1.655166302 6
176 0.003733315 1.65677776 19
177 0.000981666 1.653131414 1
178 0.00541934 1.655680323 5477
179 0.020129158 1.651492858 12922
180 0.0036444769999999997 1.650966793 7
189 0.038826344 3.1053350010000003 99648
194 0.028981973 3.1057041329999997 61755
195 0.43784490000000004 4.062096661 9182983
198 0.005779324 3.105553581 13656
199 0.003252482 3.105675905 9107
200 0.916862948 3.110349991 6213934
201 0.001246559 2.376378693 0
202 0.001259915 2.374389343 0
203 0.594391493 3.101489178 6207926
204 0.003658193 4.078983156 754
205 2.175831936 3.102531054 9354941
206 0.114924729 3.102785137 519474
207 13.814953172000001 3.1024114380000003 90668763
208 0.021168731 3.116477578 141
210 0.007531293 1.454430138 1153
212 0.000962058 4.445691246 0
213 8.682632949 4.439434813 7144
214 0.22913506499999994 4.113816905 979618
217 0.13078174699999998 0.740744583 2524828
218 0.034078324 0.960234164 100654
219 0.011682211 0.962797915 44946
220 0.192611692 0.9632274000000001 666755
221 0.016120045 1.7027081030000002 175856
223 0.017213022 1.697268441 120963
224 0.052375707 1.69869663 1044293
225 0.033615034 1.693710028 515234
226 0.032065459 1.702417872 346494
227 0.013725434 1.700542114 110668
228 0.07467171 1.7064690619999998 1246249
229 0.02958786 1.7019126880000002 330263
230 0.006613999 1.7021695520000002 10634
231 0.063881153 1.699983051 707921
232 0.0007526799999999999 1.703099088 0
233 0.015508333000000001 1.700851572 137062
234 0.008422617 1.704007996 210707
235 0.004444676999999999 0.919833978 10651
236 0.002976657 0.920180735 1583
237 0.0027232759999999997 0.9213062830000001 2137
238 0.002326151 0.922034163 903
239 0.002160486 0.9214338129999999 1174
240 0.007628978 0.9156247609999999 23043
241 0.006913509 0.920320343 38974
242 0.010232156000000001 0.918469385 57427
243 0.013871111 0.920147112 129623
244 0.0031951619999999997 0.916434064 3079
245 0.002657219 0.917791352 2692
246 0.015781902 0.916668436 163913
247 0.013078776 0.916209363 63946
248 0.006316304 0.9178590870000001 31198
249 0.056711956 0.918844117 470510
250 0.055996146000000004 0.9179036979999999 698052
251 0.004708478 0.918751749 6971
252 0.002211643 0.918549172 267
253 0.059481559 0.9182040450000001 781475
254 0.0066702160000000005 0.920908864 40411
255 0.005029979 0.921083324 16737
256 0.031107236 0.9198450600000001 255719
257 0.047097614 0.922379635 509196
258 0.0012872360000000002 0.917986475 328
259 0.02958338 0.916375221 223250
260 0.009239518 0.913637708 57782
261 0.002301433 0.914125885 853
262 0.002186435 0.9156057049999999 791
263 0.004396084 0.920523169 5457
264 0.006502337 0.919802378 17017
265 0.027601904 0.918881076 261362
266 0.083202566 0.921301675 986547
267 0.003039156 0.918452468 1983
268 0.001217313 0.920900289 42
269 0.0032293760000000004 0.9221120509999999 1827
270 0.0020537330000000003 0.923518002 415
271 0.002935599 0.9183233279999999 861
272 0.002858212 0.916599992 570
273 0.005719178 0.9196536439999999 14544
274 0.005564424 0.9198775870000001 5924
275 0.062111455 0.917972676 349595
276 0.015793814 0.917868948 105025
277 0.005403419 0.916166151 6131
278 0.005064294 0.91772904 10685
279 0.003341781 0.920197569 3665
280 0.002400792 0.916493159 1514
281 0.004983841 0.916586134 8841
282 0.007530501 0.925276768 17465
283 0.003670325 0.943032049 4895
284 0.001986194 0.9393560919999999 134
285 0.006765527 0.938501826 9210
286 0.006249246 0.939667532 21463
287 0.002582427 0.938147911 2356
288 0.006096796000000001 0.942300272 23956
289 0.0029701439999999996 0.939824916 3353
290 0.000561197 0.946475894 1
291 0.012924501 0.9387890640000001 57426
292 0.003701725 0.938722006 6660
293 0.004435629 0.9421487070000001 7348
294 0.0032202890000000003 0.9371124150000001 3078
295 0.007183952 0.920846924 31197
296 0.068134529 0.918258955 470509
297 0.0024718870000000003 0.9194842510000001 1783
298 0.004285944999999999 0.91831572 12106
299 0.004822574 0.9168135740000001 8277
300 0.016983383999999997 0.917434142 89382
301 0.006336551 0.920350193 12385
302 0.016467634 0.924814335 122621
303 0.002426782 0.923874968 1591
304 0.035743685 0.9204341380000001 256853
305 0.005885584 0.917656088 23955
306 0.014542976 0.9185138669999999 49734
307 0.000565274 0.917368069 0
309 0.015940642 0.9169115600000001 42300
310 0.017369017 0.918018462 89382
311 0.070877159 0.915409323 781474
312 0.012359397000000001 0.916696877 57781
313 0.060346388 0.916656821 260595
314 0.214079789 1.914015807 291589
315 0.115859709 3.288440508 246825
316 0.0017583710000000001 0.917251091 2680
317 0.0018626790000000001 1.918202817 1
318 0.022416068 1.654547767 8135
322 0.000554764 0.6889404769999999 0
323 0.001651629 1.4529289950000002 128
324 0.003128064 1.452340243 959
325 0.09716257799999999 0.739454084 1170095
326 0.002574713 0.74031513 107
327 0.003954615 0.7403670579999999 316
328 0.0028351970000000002 0.740397054 1051
329 0.002632282 0.739789939 383
330 0.002621281 0.739080371 116
331 0.004129227 0.73815439 997
332 0.002643013 0.739352065 206
333 0.002643333 0.739396058 96
334 0.034482076 0.739672332 329816
335 0.0027256199999999998 0.738481138 1142
336 0.002695021 0.7411076489999999 409
337 0.0026382130000000004 0.7406467120000001 268
338 0.283409018 0.73898885 2004929
339 0.073357921 0.739708889 843968
340 0.002616012 0.7397876369999999 235
341 0.00054739 0.740003426 1
342 0.015685877 0.741150535 26206
343 0.007837644 0.740451566 13517
344 0.006124759 0.7393064699999999 3182
345 0.016810946 0.739755182 28872
346 0.09096056 0.739332808 843967
347 0.000750456 1.49031978 0
348 0.0017042180000000002 0.7395269649999999 75
350 0.114955848 0.990655377 996950
351 0.212419174 0.9875135150000001 966899
352 0.000677588 0.9918970540000001 1
353 0.07335655700000003 0.993962948 903514
354 0.19844636100000002 0.993791501 966899
356 0.138255241 3.368281429 12360733
357 0.066876402 1.7143393939999998 1697681
358 0.001856408 1.7125378470000001 1
359 0.012272040000000001 1.425729273 192
360 0.020300777 1.698135132 10047
361 0.025190779 1.6998343360000001 14707
362 0.009629578 1.7002930649999999 1704
365 0.001229656 0.7190734599999999 53
367 0.004151930000000001 0.7327595250000001 601
368 0.010988321 0.7329234960000001 5856
369 0.060879055999999994 0.7323206 290937
370 0.008306494000000001 0.732753192 4086
371 0.013444307 0.731891113 30030
372 0.003384852 0.732429355 239
373 0.020145361000000035 0.731183868 109029
374 0.008942542999999999 0.734241818 789
375 0.004071727 0.732700598 269
376 0.006152311 0.734713723 900
377 0.0019454869999999645 0.732564809 13
378 0.0012285850000000001 0.733137126 59
379 0.003433574 0.7329857879999999 289
380 0.10348354300000001 0.7351504099999999 1088152
381 0.004663201 0.733211966 311
382 0.003479232 0.734282329 891
383 0.0025971550000000003 0.7333577509999999 57
384 0.004175854999999999 0.733147551 537
385 0.004850618 0.734733635 1006
386 0.0047388149999999995 0.7343031459999999 390
387 0.014536012000000001 0.73422548 24859
388 0.023259088 0.733169752 75470
389 0.008680915 0.7357538610000001 3848
390 0.004021702 0.735788727 146
391 0.009114510000000001 0.736013163 3835
392 0.457884093 0.7334526060000001 2498646
393 0.003247661 0.733618511 127
394 0.015917004999999998 0.7335394199999999 122137
395 0.254621156 0.7335866990000001 1363411
396 0.002606042 0.732749316 179
397 0.007210562 0.732794882 5942
398 0.006879533 0.7341379450000001 3168
399 0.011097326999999999 0.7326511680000001 28849
400 0.009713959000000001 0.732921772 8201
401 0.004021111 0.733965324 439
402 0.0026112820000000004 0.733390852 27
403 0.010051951 0.732462648 11601
404 0.00729356 0.7350338719999999 2386
405 0.0005578 0.734358328 1
406 0.0005637519999999999 0.7332054469999999 1
407 0.006191886000000001 0.7332773130000001 783
408 0.316194076 0.733537767 1085122
409 0.013876709000000001 0.734648627 61698
410 0.010241601000000001 0.7345217759999999 24629
411 0.549904884 0.7317672 2498645
412 0.006563963 0.732919689 1973
413 0.29270558 0.731916382 1363410
414 0.006028245 0.732227041 693
415 0.011156761000000001 0.731508226 28848
416 0.136698685 0.733976365 1111408
417 0.00655216 0.73407439 2938
418 0.004103758 0.733691371 644
419 0.0005662960000000001 0.737775521 0
420 0.000557329 0.734567005 0
421 0.09184425199999999 0.732716407 877571
422 0.001648994 3.1051150499999998 1
423 0.002444815 0.8096911 26817
424 0.20178653300000005 1.817751028 78689
425 0.002285703 1.559875471 38715
426 0.006146689 2.379912332 24598
427 0.046346095999999996 2.364504298 343827
428 0.214287836 2.381844772 2980690
429 0.000560775 2.374982546 1
430 0.003235488 2.383299164 6997
432 0.042035976 2.382387274 148521
433 0.0012768859999999999 2.378585533 121
434 0.003739947 2.369647894 10807
435 0.011861348 2.368249461 40612
436 0.008046239 2.366981225 13698
437 0.004535158 2.376324062 14188
438 0.00461037 2.373123264 15692
439 0.171855162 2.3816519339999997 1357292
440 0.008559915000000001 2.380769881 40274
441 0.004373510000000001 2.381565237 9132
442 0.001284 2.3686632149999998 33
443 2.368027175 2.378237591 9181545
444 0.001962879 2.383979742 224
445 0.02078252 2.381465017 148635
447 0.001269703 2.373443709 2
448 0.064013815 2.379160957 190623
449 0.06564070600000001 2.3788563640000002 595733
453 0.04281348200000001 3.134166675 471980
454 0.024222105 3.125146445 187488
455 0.005342721999999999 3.166821532 623
456 0.006570425 3.120287132 6603
457 0.00833127 3.1082574139999997 54309
458 0.254348952 3.105337697 2312241
459 0.053805165999999995 3.1090236009999996 907443
460 0.014362290000000002 3.111400487 58404
461 0.044235633 3.11756917 323338
462 0.033832225 3.1116656430000003 114246
463 0.05957092 3.115273539 332244
464 0.579449348 3.118228444 10728036
465 0.016779933 3.1060432999999996 250
466 0.007177898 3.122863521 3172
467 0.009050797000000001 3.1061032269999997 40641
468 0.010212925999999999 3.123188721 75658
469 0.00565254 3.1117944029999998 25297
470 0.07415181400000001 3.1105690559999997 372911
471 0.003828554 3.113591048 19764
472 1.78239124 3.116435906 37325506
473 0.047746822 3.119415785 412629
474 0.003029877 3.11519203 4
475 0.067245591 3.116950423 1389450
476 0.004819818 3.11493798 3849
477 0.063468885 3.108865143 720660
478 0.004859554 3.1049070949999997 7072
479 0.020669143 3.110294853 196991
480 0.08051354 3.119675228 1407164
482 0.004883579 3.118817269 15674
483 0.120773935 3.124989159 2482606
484 0.0016026959999999998 3.1201954819999997 34
485 0.008963311 3.1158130070000003 14950
486 0.14923862799999998 3.118691889 3223122
487 0.07724623 3.123381481 1002697
488 0.193579177 3.122101191 2806245
489 0.010039926 3.122961487 46544
490 0.039623285 3.122846119 298949
491 0.987408458 3.1223845750000003 20625442
492 0.008198798 3.1159911979999997 21673
493 0.005289189999999999 3.120115305 15654
495 0.010033975 3.118210779 5007
496 0.00502599 3.1238249390000004 10669
497 0.0031453870000000004 3.11612973 503
498 0.006479520999999999 3.1197177099999998 0
499 0.0047034369999999995 3.1152203480000003 1217
500 0.033188858999999994 3.121559675 217394
501 0.0050654639999999996 3.119284155 9804
502 1.840369346 3.122951315 38410384
503 0.014884861000000001 3.1322113369999998 120157
504 0.010240656999999998 3.124879841 67395
505 0.007816431 3.126078421 1
506 0.003302966 3.118234961 4606
507 0.023608656 3.1186373790000004 13685
508 0.041049432999999996 3.124251909 304233
509 0.008392706 3.1201384169999997 44
510 0.512206061 3.122984918 7431
511 0.001004729 3.118195851 0
512 0.020517762999999998 3.120401505 18895
513 0.051781293 3.1156976000000003 619721
514 0.467469778 3.1158136749999996 10939242
515 1.655463265 3.115449174 31279152
516 0.012277255999999999 3.123655095 99335
517 0.037527691 3.119978914 299672
518 0.00712679 3.1162419079999997 28466
519 0.016468329999999958 3.12895249 168371
520 2.277366224 3.1186088310000004 47822521
521 0.048801631 3.113695685 535787
522 0.5765121950000001 3.10854878 11773978
523 0.04966428 3.11338955 412629
524 0.019735786 3.116348446 38542
525 0.0016216610000000002 3.1108782259999996 9
526 0.006587355 3.1195883390000003 12049
527 0.001598978 3.1018507910000004 46
528 0.010725548000000001 3.104528925 6312
529 0.00305802 3.112321634 24
531 0.00534253 3.107221458 3331
532 0.138009679 3.101192829 2043472
533 0.004514677 3.113112218 440
534 0.001644975 3.103259913 419
535 0.046249961000000006 3.106339268 547067
536 0.011165644 3.115388997 58191
537 0.467198761 3.11008881 8765836
538 0.048894045 3.111903021 679117
539 0.005184930999999999 3.103531239 18635
540 4.6262043770000005 3.111777612 90321703
541 0.050844169 3.103271909 856148
542 0.004810339 3.108820093 6630
543 0.0038782979999999996 3.10461029 353
544 0.0034703530000000002 3.1133589959999997 1980
545 2.5827570619999998 3.112184799 55722209
546 0.007934324 3.104606802 35915
547 0.048560149 3.101976099 439163
548 0.00673205 3.1137535 16711
549 0.00775853 3.11706231 47444
550 0.03724395 3.1127412050000003 402620
551 0.11269066 3.1082472319999996 1978576
552 0.150160769 3.101818713 2500603
553 0.040097430999999996 3.098913017 268452
554 0.052564747 3.1030404330000003 406072
555 0.0044004809999999995 3.109013748 40268
556 0.14352394899999998 3.108939381 2651800
557 3.702735434 3.10788338 75238748
558 0.041851192 3.103696625 363518
559 0.0031118730000000002 3.106930203 126
560 0.010042049 3.104363641 27850
561 0.071384802 3.103859108 1242624
562 0.052370627 3.0966086290000003 550791
563 0.009433773 3.108171772 70830
565 0.11229795100000001 3.1109028739999998 2197996
566 0.022823793000000002 3.1080391689999995 82820
567 0.003109558 3.10788456 223
568 0.014244272 3.1067438679999997 62734
569 0.42759905000000004 3.111107454 9182055
570 0.46905649200000005 3.1102051260000003 10915035
571 0.005991141999999993 3.114344503 490
572 0.009630377 3.1164746460000003 10331
573 0.7126571880000001 3.126004928 10609468
574 0.016450403 3.1230194300000003 75043
575 2.977688884 3.120194689 58080849
577 0.008363849 3.134201882 4349
578 0.013747227999999998 3.255144741 15293
579 0.023818080999999998 3.112387378 109733
580 0.045086909 3.113959872 586513
581 0.257067488 3.213435506 2334221
582 0.207137148 3.131972423 4094002
583 0.009388406 3.125227695 50518
584 0.876258202 3.117411181 17155132
585 0.27531404200000004 3.125061099 5920180
586 0.053896254 3.107227724 630275
587 0.012313774 3.129270628 26160
588 0.052898639000000004 3.151786079 795778
589 0.130786883 3.1206237420000003 2261878
590 0.020889587 3.856627842 199106
591 0.044600223 3.131050311 527700
592 0.014165753000000001 3.952629157 125051
593 0.010432591 3.1218003480000003 45892
594 0.0030583710000000003 3.1219933909999997 104
595 0.008780861999999999 3.1300876140000002 13303
596 0.0068842190000000004 3.146239407 15015
597 0.1006567 3.1340135449999997 802694
598 0.026144811 3.112118344 90422
599 0.003252178 3.11673408 1605
601 0.009384429 3.131114116 45
602 0.585672972 3.118765792 10725156
603 0.015815957000000002 3.1193641839999997 95401
604 0.02061202 3.130369308 17215
605 0.27549962800000005 3.1207558110000004 5916824
606 0.009425406999999998 3.114107136 44
609 0.225908835 2.37205394 2980689
610 0.004889049 3.1191675830000003 82052
611 0.002498376 3.123376856 4531
612 0.011197894 3.1229323879999997 245925
613 0.011255324 3.580671972 188351
614 0.00175273 3.12073163 0
616 0.0024941489999999998 3.113086421 7272
617 0.02812437 3.114846441 581652
618 0.002659583 3.1164673769999998 18192
619 0.002827522 3.1099977930000002 50091
620 0.002449874 3.117455037 4889
621 0.0023515970000000004 3.1212600019999996 2
622 0.001261409 2.3815415520000003 0
625 0.010064784 3.121111581 27850
626 0.42518337 3.1152728450000002 9182055
628 0.001941722 3.110917116 78
629 0.001932384 3.120877537 29
630 0.001611113 3.1180946609999998 1
631 0.003978784 0.771426455 228
632 0.00191982 0.7682086060000001 16
633 0.012788472 0.768473158 31
634 0.008740006 0.768032059 61
635 0.012719971 0.76869639 30
637 0.001253112 0.7132503410000001 8
638 0.001594862 0.71401855 4731
639 0.0033566909999999998 0.669506338 140
640 0.047561939 0.706836624 22336
641 0.027609978 0.706569946 781
642 0.047217472999999996 0.707210272 17700
643 0.048112415 0.70626799 22335
644 0.047616892999999993 0.7065800109999999 17699
645 0.000561648 0.7060008980000001 0
649 0.009637762000000001 0.73378288 47609
651 0.022373985 1.596637959 211
652 0.3383025969999999 3.080207943 642941
655 0.000757971 3.1183608560000002 0
656 0.094061724 1.393459298 22291
657 0.093985269 1.394021923 17474
658 0.094096218 1.392674687 22291
659 0.09318074800000001 1.3924432420000001 17474
660 0.000989581 1.3315339169999998 1
