1 0.014543227 0.7898286529999999 6
2 0.014632952 0.57205748 20
4 0.023920163 2.9727108930000004 16
5 0.024971157 2.972806399 18
6 0.024968311 2.97187928 17
8 0.014567262000000001 0.79033962 7
9 0.014561598 0.792005863 6
10 0.020769797 2.980056275 42
11 0.6855507310000001 2.402494115 37280216
12 0.01457899 0.7897483270000001 6
13 0.014604325999999999 0.7894847140000001 6
14 0.014594326999999999 0.790333614 6
15 0.014574082 0.7901019499999999 6
16 0.01456316 0.790943172 6
17 0.014544635 0.789699158 6
18 0.014601618 0.789882592 6
19 0.014557562 0.789539105 6
20 0.014561176 0.79044632 6
22 0.013564081 0.790384545 7
23 0.014601382999999999 0.790969613 5
24 0.020500744999999997 0.5793472909999999 36
25 0.013556282999999999 0.7890971680000001 7
26 0.014564586 0.790883117 8
27 0.013556009 0.789587752 4
28 0.013555742 0.789169645 5
29 0.014608020000000001 0.792274196 5
30 0.010406593 0.789564211 1
31 0.013552584000000001 0.7900648619999999 6
32 0.012486051 0.790173404 3
33 0.014588831 0.7891432049999999 5
34 0.0135953 0.789648246 9
35 0.014551386000000001 0.79295222 6
36 0.014605082 0.7968571459999999 6
37 0.014567263 0.789647734 6
38 0.047957954 2.976076001 237
39 0.014612871999999999 0.791254988 5
40 0.013556022000000001 0.789339827 6
41 0.014607536 0.789853262 7
42 0.01355543 0.7905030350000001 5
43 0.013551185 0.7895775330000001 7
44 0.014606991 0.7903946829999999 7
45 0.014577583 0.7912913079999999 7
46 0.013553315 0.7896513000000001 7
47 0.014589748 0.7894759370000001 7
48 0.014561995000000001 0.793514735 7
49 0.013575875 0.789050112 4
50 0.013564494 0.7899594769999999 4
51 0.013554665 0.791488069 4
52 0.01352816 0.789790475 4
53 0.01358844 0.7885204259999999 4
54 0.013574550999999999 0.789024975 4
55 0.013594985 0.7903337850000001 4
56 0.013541155000000001 0.788992717 4
57 0.013557859 0.789502695 4
59 0.020811984 2.9754257319999997 16
60 0.020814122 2.974635739 20
61 0.020817839 2.975324051 19
62 0.196478181 0.5348808 302258
63 0.196582585 0.535109913 302257
64 0.028110687999999998 2.975890318 113
65 0.014542535 0.789866548 6
66 0.014564773 0.7898860080000001 6
67 8.403558375 1.046961173 172543
68 0.013507986999999999 0.791275927 4
69 0.013560543 0.788735718 4
70 0.013520461 0.7898984139999999 4
71 0.011460437 0.788659836 2
72 0.062469259 0.5356276340000001 22336
73 0.01542966 0.570858257 30
74 0.014571214 0.789183901 7
75 0.014559450000000002 0.791315676 6
76 0.014560396000000001 0.789032199 6
77 0.01454737699999998 0.7886064129999999 6
78 0.014536802 0.789752062 6
79 0.013557017 0.788843897 5
80 0.014603289 0.789569737 5
81 0.015564958 2.977450546 2
83 0.013556335 0.7902330790000001 5
84 0.019718373 2.976836743 22
85 0.014567808000000002 0.789587264 7
86 0.014558534 0.788415681 7
87 0.013555249 0.78925617 5
88 0.01358528 0.789704081 5
89 0.014559343 0.790377206 7
90 0.013526705 0.789659577 6
91 0.010405589 0.7884974490000001 1
92 0.014541631999999999 0.789483666 6
96 0.013555727 0.789070561 5
98 0.022871385999999997 2.972690363 115
99 0.013567338 0.790877441 4
100 0.016255628 0.570962559 46
102 0.062076292 0.534844807 17700
103 0.014607048000000001 0.789218809 5
105 0.016598636 1.6790511099999998 1
107 0.013557362 0.789203804 5
108 0.024971805 2.9753865559999997 71
109 0.014602717000000001 0.7903605579999999 5
110 0.012478043 0.788948603 3
111 0.014557576 0.7901234690000001 6
112 0.013553256999999999 0.7896406069999999 5
113 0.013567579 0.789057857 5
114 0.010400507 0.5727055430000001 1
115 0.062717641 6.5167297259999994 21549
117 0.010359495000000002 0.5723509649999999 0
118 0.01972263 2.9950121839999997 14
122 0.010391856 0.571416251 0
123 0.018669002 2.9717011099999997 13
124 6.600368805 4.361669286000001 76388701
125 0.028431735 4.358668344000001 27850
126 0.717050688 4.360747832 9183151
127 0.06435669000000001 4.364980007 527701
132 10.397657895 2.973776127 60480400
134 0.013590825 2.3931714989999997 0
136 0.091057737 1.413782761 1246249
137 0.10852524300000001 1.6748540490000001 1008687
138 0.020067277999999997 1.677521278 79853
139 0.018337491 1.336964212 24856
144 0.011458698 0.8784278959999999 1
145 0.016701737 1.676221939 5554
146 0.024567134999999997 1.6779200079999999 41592
148 0.027409842 1.9568999029999998 18793
149 0.015601492 1.6595215 43405
150 0.015538582 1.6608078689999999 50972
153 0.011277419 1.034440955 0
156 0.673061237 2.973401205 11927180
157 0.127235213 2.976521866 136607
158 0.021455719 1.369433259 459
159 0.017226841 1.3675492930000002 239
160 0.026978554000000002 1.369459347 10666
161 0.164504951 1.370508617 471026
162 0.13236519200000005 1.3688916400000002 284700
163 0.017194407999999998 1.369366167 12107
164 0.015266215 1.3703877409999998 20
165 0.015212536 1.3687541060000001 9
166 0.020561099 1.367993725 1507
167 0.015270466 1.369889835 3
168 0.521626386 1.373294805 986775
169 0.5416991219999999 1.3683905720000002 2517306
170 0.117409729 1.368799577 195192
171 0.021930209 1.369392781 23347
172 0.015212801 1.3676859909999999 46
173 0.016400173 1.368426513 2064
174 0.017276187000000002 1.369064704 4200
175 0.015303586999999999 1.3690192239999999 6
176 0.015220927 1.370248372 19
177 0.013433904 1.3676097280000001 1
178 0.016466616000000003 1.3690460800000002 5477
179 0.030600381000000003 1.369787231 12922
180 0.015234579 1.3696228769999998 7
189 0.048918444000000005 2.976126626 99648
194 0.041194202 2.973774898 61755
195 0.49813769 3.8171146009999997 9182983
198 0.018666171999999998 2.9767330860000003 13656
199 0.015525648 2.976320016 9107
200 0.998198999 2.9753366719999996 6213934
201 0.013589965 2.400431963 0
202 0.013595897999999999 2.398084211 0
203 0.63381923 2.977664548 6207926
204 0.01430736 3.813099353 754
205 2.2908085430000003 2.970693161 9354941
206 0.137734442 2.975259603 519474
207 15.82587779 2.973857117 90668763
208 0.036580937 2.9725716770000004 141
210 0.017024136999999998 1.1138611440000001 1153
212 0.011182993 4.2872647079999995 0
213 9.321657617000001 4.28181614 7144
214 0.24952782099999998 3.872550564 979618
217 0.150564628 0.579386939 2524828
218 0.043270236 0.833691929 100654
219 0.023139667000000003 0.833005985 44946
220 0.207707399 0.8330646110000001 666755
221 0.025934361 1.413211376 175856
223 0.026487734000000054 1.4150141410000001 120963
224 0.06664457700000001 1.4141667930000001 1044293
225 0.047345176 1.4117274309999999 515234
226 0.043233625 1.4135561710000002 346494
227 0.021957366000000002 1.412407435 110668
228 0.091089743 1.412579622 1246249
229 0.041660679 1.41497387 330263
230 0.016210731 1.418940528 10634
231 0.08729350100000001 1.416525994 707921
232 0.011311727999999998 1.413790358 0
233 0.023382522 1.414255133 137062
234 0.021322564 1.4124164810000002 210707
235 0.015613281000000001 0.787719152 10651
236 0.013563229999999999 0.78886455 1583
237 0.013556922 0.789487101 2137
238 0.012505968000000001 0.790371019 903
239 0.012510392 0.787825479 1174
240 0.017642685 0.789268182 23043
241 0.016820072 0.789374294 38974
242 0.022741408 0.7880320649999999 57427
243 0.024143330999999997 0.787944003 129623
244 0.013574897 0.790400976 3079
245 0.013575486999999999 0.788580859 2692
246 0.030099602 0.7887067630000001 163913
247 0.022760119 0.788276896 63946
248 0.016853 0.78884316 31198
249 0.07078226 0.7877319540000001 470510
250 0.082954496 0.789805365 698052
251 0.01560682 0.7872530289999999 6971
252 0.012519717000000001 0.789473169 267
253 0.074813168 0.788506791 781475
254 0.016817495 0.787712242 40411
255 0.015610457000000001 0.787989327 16737
256 0.042150467 0.790385947 255719
257 0.06937907 0.788455716 509196
258 0.011458495999999999 0.788268373 328
259 0.048446519 0.7882775320000001 223250
260 0.019327806 0.788904412 57782
261 0.012497692 0.787442315 853
262 0.012473488999999999 0.8109471580000001 791
263 0.015611618 0.806019057 5457
264 0.016822764 0.805837909 17017
265 0.040066157 0.789926323 261362
266 0.10140958 0.78952627 986547
267 0.013554767 0.789111113 1983
268 0.011451808 0.789744404 42
269 0.013586095 0.7896988939999999 1827
270 0.012539630999999999 0.789107148 415
271 0.013582781 0.790258402 861
272 0.013590281000000001 0.7882150870000001 570
273 0.016395241 0.7885773589999999 14544
274 0.016431547999999997 0.7904976899999999 5924
275 0.07572911800000001 0.789704175 349595
276 0.027730435 0.789518402 105025
277 0.016408703 0.790448745 6131
278 0.015605496 0.788629703 10685
279 0.013550989 0.789242605 3665
280 0.012497938 0.789922323 1514
281 0.015606369 0.789093532 8841
282 0.016792421999999998 0.7893787539999999 17465
283 0.014564025999999999 0.788392985 4895
284 0.012505816000000001 0.789389282 134
285 0.016815307 0.788769404 9210
286 0.016413809 0.789220664 21463
287 0.013557199 0.788511667 2356
288 0.016342017 0.788969275 23956
289 0.013476284 0.788616083 3353
290 0.010402610000000001 0.789103255 1
291 0.021886494 0.7889142239999999 57426
292 0.0146063 0.7884801339999999 6660
293 0.015611816999999998 0.7911023 7348
294 0.013560603999999999 0.7888920819999999 3078
295 0.017699782 0.788910451 31197
296 0.08381435799999999 0.789778098 470509
297 0.013549311 0.7885509869999999 1783
298 0.014559461 0.7903543270000001 12106
299 0.015570015 0.7926911259999999 8277
300 0.026399235 0.788332672 89382
301 0.01640298 0.789542172 12385
302 0.025113783 0.790454747 122621
303 0.012505829 0.788433975 1591
304 0.046896461 0.789070963 256853
305 0.016825444 0.790547843 23955
306 0.02490286 0.789433186 49734
307 0.010406673 0.7886633780000001 0
309 0.024054739000000002 0.789319703 42300
310 0.026367934000000003 0.789382017 89382
311 0.08730241700000001 0.7885944309999999 781474
312 0.022754116 0.7903799549999999 57781
313 0.085179247 0.788047372 260595
314 0.232325997 1.677276163 291589
315 0.115429174 3.201241422 246825
316 0.012504165000000001 0.7886968270000001 2680
317 0.012375096 1.6762556060000002 1
318 0.032183446 1.347860948 8135
322 0.012471488999999999 0.5066948960000001 0
323 0.012356487 1.110272353 128
324 0.01337494 1.112673248 959
325 0.12655400399999997 0.5793402169999999 1170095
326 0.013545594999999999 0.578721962 107
327 0.014157883 0.5801530260000001 316
328 0.013544654 0.578761898 1051
329 0.013542318 0.5781035919999999 383
330 0.013544595999999999 0.578218076 116
331 0.014217356 0.578095621 997
332 0.013543834999999999 0.577685508 206
333 0.013545738 0.578045919 96
334 0.050372824000000004 0.5778478939999999 329816
335 0.013552538000000001 0.579357847 1142
336 0.013508362 0.5807495060000001 409
337 0.013544946 0.57759374 268
338 0.34480461199999995 0.578319307 2004929
339 0.096882154 0.578199859 843968
340 0.013532205 0.5793470829999999 235
341 0.010389834999999998 0.5801008929999999 1
342 0.024963373 0.578226338 26206
343 0.017163368 0.579976303 13517
344 0.016266709 0.578074533 3182
345 0.026249409 0.5787573859999999 28872
346 0.11421941000000001 0.57854712 843967
347 0.011310226000000001 1.164464538 0
348 0.012492807 0.577859394 75
350 0.131264294 0.879524694 996950
351 0.23471681200000002 0.880702066 966899
352 0.011457165 0.879080703 1
353 0.08722309600000001 0.879185077 903514
354 0.22245807700000006 0.878985356 966899
356 0.167509839 3.281114992 12360733
357 0.08255222100000001 1.426903469 1697681
358 0.012357615 1.429424815 1
359 0.02145217 1.0789952390000002 192
360 0.029485304 1.410117743 10047
361 0.036221537 1.410164555 14707
362 0.020590588 1.411957841 1704
365 0.012754555 0.544496344 53
367 0.014192917 0.5710916770000001 601
368 0.020550889 0.5721510379999999 5856
369 0.079409872 0.5713047210000001 290937
370 0.017978106 0.571596048 4086
371 0.022126016 0.571662728 30030
372 0.014321643 0.572620523 239
373 0.029594251 0.5732784000000001 109029
374 0.018808299 0.5714502269999999 789
375 0.014603681 0.5722754059999999 269
376 0.016263664 0.571862039 900
377 0.01255856 0.5709224159999999 13
378 0.01144398 0.570903915 59
379 0.014217859000000001 0.571875015 289
380 0.124541672 0.571373354 1088152
381 0.014622979999999999 0.5712315969999999 311
382 0.014254165000000001 0.5719382430000001 891
383 0.013543257 0.571789321 57
384 0.014616673 0.57141795 537
385 0.014597463 0.571952645 1006
386 0.014614505 0.57115386 390
387 0.023703917 0.5710392 24859
388 0.036490894 0.5714730459999999 75470
389 0.017952292 0.5727999309999999 3848
390 0.01417259 0.5715121729999999 146
391 0.01879682 0.571463041 3835
392 0.520524294 0.573939898 2498646
393 0.014263869 0.570573344 127
394 0.025514726999999997 0.571438912 122137
395 0.29259146399999997 0.571875385 1363411
396 0.013541237 0.5733070130000001 179
397 0.017167987000000003 0.571855798 5942
398 0.016277741 0.572181253 3168
399 0.020573953000000002 0.5711320700000001 28849
400 0.018860432 0.571631071 8201
401 0.014109697000000001 0.5710125279999999 439
402 0.013545108 0.5708673519999999 27
403 0.019714986 0.571297778 11601
404 0.017078771 0.5731622860000001 2386
405 0.01039367 0.571843227 1
406 0.010396994000000001 0.57145011 1
407 0.016269472 0.571277597 783
408 0.37119272400000003 0.571862145 1085122
409 0.025658724999999997 0.570831547 61698
410 0.019732103 0.570900164 24629
411 0.633931091 0.571442559 2498645
412 0.016273356 0.571552153 1973
413 0.34459921899999996 0.571391007 1363410
414 0.016276372 0.5712694939999999 693
415 0.020573572000000002 0.5712281240000001 28848
416 0.16426785 0.571918745 1111408
417 0.016271176 0.57134377 2938
418 0.014622976000000001 0.572576908 644
419 0.010395649 0.572121358 0
420 0.01036535 0.573264611 0
421 0.111418761 0.571555448 877571
422 0.014538737 2.974864699 1
423 0.013525388999999999 0.656515613 26817
424 0.220106359 1.545453574 78689
425 0.013409235 1.234729635 38715
426 0.020900076 2.399575836 24598
427 0.057986848 2.397931487 343827
428 0.23236310300000002 2.39660479 2980690
429 0.012518608 2.396637449 1
430 0.015646709999999998 2.399535775 6997
432 0.053821843 2.3988566060000003 148521
433 0.013591295 2.399878196 121
434 0.01669711 2.396113937 10807
435 0.030390212 2.400722729 40612
436 0.024079082999999998 2.397688971 13698
437 0.018778001 2.399113033 14188
438 0.017770354999999998 2.397551396 15692
439 0.18701921900000001 2.3992154070000002 1357292
440 0.026147863 2.398233994 40274
441 0.016709012999999998 2.3990883509999996 9132
442 0.013579526 2.396260124 33
443 2.446706902 2.3937836150000003 9181545
444 0.014646399 2.3971567599999997 224
445 0.039635284 2.399922365 148635
447 0.013562239 2.3973319550000003 2
448 0.07181235400000001 2.400737039 190623
449 0.07607621699999995 2.394793571 595733
453 0.054575191 2.979133246 471980
454 0.036657852 2.976655642 187488
455 0.018666932 2.973717663 623
456 0.019727276999999998 2.9757357769999997 6603
457 0.021864614 2.97424122 54309
458 0.28891654 2.972735731 2312241
459 0.067832443 2.976485625 907443
460 0.028124773000000002 2.9766085860000002 58404
461 0.055954514999999996 2.976457747 323338
462 0.045180483 2.971675264 114246
463 0.071936295 2.970779716 332244
464 0.672916928 2.976808052 10728036
465 0.031363 2.972566651 250
466 0.020832085 2.972987684 3172
467 0.022917427 2.971634024 40641
468 0.023924972000000003 2.971498376 75658
469 0.018668081 2.9708437919999997 25297
470 0.09298259299999999 2.974700326 372911
471 0.016569622 2.977483941 19764
472 2.06214529 2.978855524 37325506
473 0.056632381 2.9783105 412629
474 0.015516094999999999 2.971570663 4
475 0.082312863 2.972322926 1389450
476 0.017625478 2.975953157 3849
477 0.078907504 2.975795149 720660
478 0.017622580000000002 2.971717264 7072
479 0.035505964 2.973014796 196991
480 0.098627318 2.976691175 1407164
482 0.018668194 2.976618309 15674
483 0.14235814800000005 2.978632756 2482606
484 0.014475185999999987 2.972975302 34
485 0.022910138000000035 2.972687721 14950
486 0.169044337 2.9774071159999997 3223122
487 0.095112318 2.975299639 1002697
488 0.23620222800000001 2.975258579 2806245
489 0.023918274 2.976617816 46544
490 0.048757987 2.977133171 298949
491 1.1260813440000002 2.9738005849999998 20625442
492 0.021868540000000002 2.977663195 21673
493 0.018654182000000002 2.976865284 15654
495 0.023914333 2.974990787 5007
496 0.017618357 2.9751424980000003 10669
497 0.015520482 2.972910342 503
498 0.019713258999999997 2.974977183 0
499 0.017626707 2.972840991 1217
500 0.042814084 2.9720177459999997 217394
501 0.017621641 2.975355592 9804
502 2.119753132 2.9728676349999996 38410384
503 0.030297077000000002 2.97351614 120157
504 0.022890233 2.975580227 67395
505 0.021867651000000002 2.972645301 1
506 0.016574596 2.973337355 4606
507 0.036379735 2.974041781 13685
508 0.048992720999999996 2.970123257 304233
509 0.021865609000000057 2.9806871310000003 44
510 0.5430578349999999 2.98153837 7431
511 0.013461522 2.973629008 0
512 0.035442588000000004 2.973026059 18895
513 0.062328817 2.972672243 619721
514 0.531295925 2.975497083 10939242
515 1.9297996869999998 2.9716548229999997 31279152
516 0.025981156 2.977833465 99335
517 0.045107107 2.974972572 299672
518 0.020836129000000002 3.021449147 28466
519 0.030263335 2.995236815 168371
520 2.606745669 2.9744676400000003 47822521
521 0.062792976 2.9759517059999996 535787
522 0.656562102 2.977863809 11773978
523 0.058859152000000005 2.973227355 412629
524 0.035467337 2.9765047059999996 38542
525 0.014525485000000001 2.9761133429999997 9
526 0.019703677 2.976973971 12049
527 0.014499322 2.977628873 46
528 0.024976023 2.9768610499999997 6312
529 0.01551838 2.977583629 24
531 0.018668024000000002 2.975671008 3331
532 0.166848986 2.976770964 2043472
533 0.017617075 2.976554522 440
534 0.014511715 2.977613416 419
535 0.054921053 2.97513847 547067
536 0.024959133999999997 3.004550531 58191
537 0.523747288 2.970806757 8765836
538 0.058408449999999994 3.001604384 679117
539 0.018663888 2.998070071 18635
540 5.431278527 2.970492182 90321703
541 0.061526897 3.0217865219999998 856148
542 0.017625494999999998 2.9980231379999998 6630
543 0.016556338 3.011155277 353
544 0.016550323 3.029361852 1980
545 2.935801666 3.007128212 55722209
546 0.02184667 2.991332087 35915
547 0.059461858 3.003527168 439163
548 0.019764754000000002 2.989957411 16711
549 0.020826381 2.982714094 47444
550 0.047762424 3.004100078 402620
551 0.13611100899999998 3.004539542 1978576
552 0.18447164000000002 2.983306753 2500603
553 0.048383197999999995 2.992122411 268452
554 0.062341447 3.0220442230000004 406072
555 0.017620511 2.992687073 40268
556 0.16861454000000003 2.974404474 2651800
557 4.399603665 2.992957693 75238748
558 0.050261256000000004 3.012511382 363518
559 0.015511696 3.020492428 126
560 0.023886883999999997 3.0344150639999996 27850
561 0.083441428 3.15557748 1242624
562 0.06432446699999994 3.019629958 550791
563 0.022845452000000002 3.027358588 70830
564 0.016598444 3.025746707 7318
565 0.126920857 3.022295063 2197996
566 0.036313619 3.1019485049999997 82820
567 0.015624737999999999 3.073998509 223
568 0.028155904 3.0332854300000003 62734
569 0.479099859 3.037152825 9182055
570 0.52560095 3.001607838 10915035
571 0.018665604 3.008800097 490
572 0.022844127 3.0110876889999996 10331
573 0.820132565 3.0386612659999996 10609468
574 0.030299958 2.986149784 75043
575 3.47782333 3.016106565 58080849
577 0.021879964 2.9956740720000004 4349
578 0.028122511 2.984589048 15293
579 0.037203576999999995 3.0512031349999997 109733
580 0.055954338000000006 3.12887665 586513
581 0.297987475 3.091176772 2334221
582 0.242088704 2.989944564 4094002
583 0.022937388 2.9705329959999998 50518
584 1.009426274 2.969690199 17155132
585 0.317355966 2.969707911 5920180
586 0.063620198 3.010654235 630275
587 0.026016641 2.997215927 26160
588 0.064509749 2.9828643309999996 795778
589 0.15347597500000001 2.976874211 2261878
590 0.034468178999999995 2.982921518 199106
591 0.054663017 2.97451476 527700
592 0.027074907 2.9758262230000003 125051
593 0.023926488000000013 2.9724114989999997 45892
594 0.015527128999999957 2.973559542 104
595 0.021871444000000018 2.970361506 13303
596 0.019726525 2.971718525 15015
597 0.115477791 2.972962542 802694
598 0.0398269 2.975696925 90422
599 0.01553047 2.975688505 1605
601 0.022913344000000002 2.975692865 45
602 0.678004988 2.973109228 10725156
603 0.028156798 2.973862568 95401
604 0.035481193 2.96988099 17215
605 0.32237456499999995 2.974205339 5916824
606 0.022943471 2.972762429 44
609 0.249090655 2.3937572510000003 2980689
610 0.01763263 2.971564458 82052
611 0.015529755999999999 2.970530624 4531
612 0.023960415000000002 2.970664821 245925
613 0.025011449 3.011161408 188351
614 0.01450274 3.028671068 0
616 0.015543719999999999 3.0128158650000003 7272
617 0.040035799 3.012209735 581652
618 0.015540404 3.041306627 18192
619 0.015527837 2.978185061 50091
620 0.015529456 2.980870284 4889
621 0.014498417999999999 2.97154964 2
622 0.013612216 2.39383112 0
625 0.023917379000000002 3.024279526 27850
626 0.477451732 3.010744187 9182055
628 0.014545285 3.006334254 78
629 0.014489584000000002 3.007207878 29
630 0.014504290999999999 3.020149605 1
631 0.014520433000000001 0.625627336 228
632 0.012481465 0.611969432 16
633 0.021822657999999998 0.612527448 31
634 0.018000018 0.612320953 61
635 0.022210821 0.6117032860000001 30
637 0.012732729 0.541797014 8
638 0.012757974 0.5427983399999999 4731
639 0.015418559 0.48959562 140
640 0.061715033 0.539510333 22336
641 0.039181238 0.538620649 781
642 0.061170408 0.5383729840000001 17700
643 0.06247494 0.5343128659999999 22335
644 0.061781608 0.534714902 17699
645 0.012502457 0.5353346959999999 0
649 0.02230366 0.5616821869999999 47609
651 0.0305557 1.281357561 211
652 0.367920319 2.9677041099999997 642941
655 0.013461806 3.090830623 0
656 0.119129278 1.045978068 22291
657 0.11852843399999999 1.043121594 17474
658 0.11738472500000001 1.0649479020000001 22291
659 0.11640605200000002 1.040713866 17474
660 0.013578212 1.310197527 1
