1 0.014519415 0.789662294 6
2 0.014632975000000001 0.5722503449999999 20
4 0.024971114000000003 2.975731238 16
5 0.02392864 2.9760082829999996 18
6 0.023928689 2.974490236 17
8 0.014552142 0.7906985409999999 7
9 0.014566596 0.789459148 6
10 0.020834498 2.972031049 42
11 0.687158309 2.3951616660000004 37280216
12 0.013619649 0.789029135 6
13 0.013523658 0.789525626 6
14 0.014565244 0.789032718 6
15 0.014517506 0.789656535 6
16 0.014595051999999999 0.788531918 6
17 0.014551669 0.789998907 6
18 0.014566025 0.7880213640000001 6
19 0.014566603 0.790152191 6
20 0.014529983 0.790772763 6
22 0.013584605 0.790670784 7
23 0.013561677 0.789904019 5
24 0.019623276999999998 0.5776468200000001 36
25 0.013563281000000002 0.78958366 7
26 0.014565738 0.7893968370000001 8
27 0.013560419 0.789734627 4
28 0.013560448000000001 0.788544642 5
29 0.013578682 0.789009685 5
30 0.010432905000000001 0.7889804499999999 1
31 0.013560303 0.789791219 6
32 0.012511073000000001 0.789172602 3
33 0.013561881 0.789325988 5
34 0.013558451999999999 0.788074635 9
35 0.013561031000000001 0.7901142090000001 6
36 0.013571513 0.788106384 6
37 0.014560424 0.789766463 6
38 0.046094482000000006 2.975915315 237
39 0.013580255 0.7895149520000001 5
40 0.013558574 0.7895305300000001 6
41 0.014576861 0.78854673 7
42 0.013562787 0.790341593 5
43 0.013561218000000002 0.789749236 7
44 0.013556662 0.78921288 7
45 0.013592401 0.7897650530000001 7
46 0.013555753 0.788629315 7
47 0.013531152 0.789403113 7
48 0.014563841000000001 0.7885740139999999 7
49 0.013555333000000001 0.789544301 4
50 0.013557738 0.789095584 4
51 0.013561413000000001 0.78960658 4
52 0.01359298 0.790344663 4
53 0.013591838 0.7888800819999999 4
54 0.013563936 0.789021985 4
55 0.013561688 0.7897894790000001 4
56 0.013560853 0.7888497959999999 4
57 0.013557040999999999 0.7898080260000001 4
59 0.020797621 2.971606532 16
60 0.020827229 2.972601314 20
61 0.020827278999999997 2.972577619 19
62 0.19469351599999996 0.53456362 302258
63 0.195907943 0.533779284 302257
64 0.028131813999999998 2.977825238 113
65 0.014545783999999999 0.789296709 6
66 0.014565541999999999 0.7918967029999999 6
67 8.455803793 1.055474762 172543
68 0.013563585 0.7900086550000001 4
69 0.013581295 0.789274086 4
70 0.013558684 0.789224833 4
71 0.011468691999999999 0.791373416 2
72 0.060992792000000004 0.534551672 22336
73 0.015408344 0.5706006429999999 30
74 0.014575487 0.7903777 7
75 0.01456727800000005 0.788480231 6
76 0.014564793 0.789759116 6
77 0.014551154 0.7891334910000001 6
78 0.014566305 0.78848562 6
79 0.013578177 0.789885532 5
80 0.013544306 0.789797762 5
81 0.014454004000000001 2.9712960099999997 2
83 0.013559541 0.790255269 5
84 0.019730782 2.9709310359999996 22
85 0.014565255 0.79153151 7
86 0.014562186 0.788093772 7
87 0.013590911 0.790282675 5
88 0.013560556 0.7900469739999999 5
89 0.014571027 0.789297944 7
90 0.013565258 0.7892408540000001 6
91 0.010416077999999999 0.7892164839999999 1
92 0.014550242 0.789313236 6
96 0.013563868 0.789932104 5
98 0.022918252 2.9749505419999998 115
99 0.013556633 0.789323961 4
100 0.016275458 0.570249113 46
102 0.060384215 0.534239809 17700
103 0.013562736000000034 0.789422764 5
105 0.016320506999999998 1.678462616 1
107 0.013555855 0.7890508930000001 5
108 0.023926482 2.976710208 71
109 0.013559288000000001 0.79057987 5
110 0.012522768 0.789203436 3
111 0.014564935 0.789338981 6
112 0.013559693999999999 0.7900692410000001 5
113 0.013593831 0.7893491659999999 5
114 0.01039487 0.571239034 1
115 0.063888661 6.506031181 21549
117 0.010403975000000001 0.572846338 0
118 0.019726061000000003 2.9739149589999996 14
122 0.010419757 0.570434684 0
123 0.018671149 2.971868332 13
124 6.576747159 4.3578775489999995 76388701
125 0.028385483 4.356114403 27850
126 0.713982971 4.357516471 9183151
127 0.064443014 4.358647051 527701
132 10.398890543 2.9753172009999997 60480400
134 0.013614823 2.393827727 0
136 0.090532315 1.411428741 1246249
137 0.10814278899999999 1.674870722 1008687
138 0.020073136999999998 1.6756136750000001 79853
139 0.018349137999999997 1.335302906 24856
144 0.011461539000000001 0.878758521 1
145 0.016300164000000002 1.6753338500000001 5554
146 0.02436166 1.673591519 41592
148 0.026937264 1.955930099 18793
149 0.015528263 1.6612302349999999 43405
150 0.015510340000000001 1.660248739 50972
153 0.011318105 1.03162196 0
156 0.667962917 2.970555552 11927180
157 0.12714820500000001 2.975810519 136607
158 0.020578478 1.367381507 459
159 0.017257821 1.3673721680000002 239
160 0.026567366999999998 1.367660227 10666
161 0.16471537300000003 1.369893383 471026
162 0.131794351 1.36833412 284700
163 0.017294385 1.369125097 12107
164 0.015277493 1.368497705 20
165 0.015271118 1.368784183 9
166 0.019730596000000003 1.368670659 1507
167 0.014494047000000001 1.367675207 3
168 0.520345203 1.367569778 986775
169 0.540775098 1.3678540049999999 2517306
170 0.11699351399999999 1.368475104 195192
171 0.021917359 1.3706948 23347
172 0.015267504999999999 1.367783622 46
173 0.016456942999999998 1.371165968 2064
174 0.017235628 1.368916154 4200
175 0.014476888 1.368070457 6
176 0.015252691 1.3685361280000001 19
177 0.013409008 1.367742823 1
178 0.016465247 1.367187552 5477
179 0.029799757000000003 1.3683521710000002 12922
180 0.015234343000000001 1.368182377 7
189 0.046959172 2.972618341 99648
194 0.040058008 2.971911795 61755
195 0.497791515 3.817978127 9182983
198 0.018679816999999998 2.9720527289999996 13656
199 0.015534993 2.971444184 9107
200 0.993735181 2.976066133 6213934
201 0.013599137 2.400946901 0
202 0.013607593999999999 2.39807525 0
203 0.634985318 2.97436248 6207926
204 0.014322913 3.815809955 754
205 2.288537527 2.9751952829999997 9354941
206 0.13615755799999998 2.971383536 519474
207 15.823271132999999 2.975687961 90668763
208 0.036233845 2.9864774900000004 141
210 0.017012776 1.114289935 1153
212 0.011163738 4.281753358 0
213 9.306618212 4.28297859 7144
214 0.24467484499999997 3.869372958 979618
217 0.150083942 0.580787085 2524828
218 0.043202539 0.834125291 100654
219 0.023032728 0.8326396110000001 44946
220 0.206296183 0.833829528 666755
221 0.025682770999999948 1.413262374 175856
223 0.026344702 1.414527948 120963
224 0.066365281 1.4137921439999999 1044293
225 0.047072231 1.4160021170000001 515234
226 0.043069622 1.4145775660000002 346494
227 0.02184612 1.413500882 110668
228 0.090738919 1.4135259450000002 1246249
229 0.041176601 1.414533711 330263
230 0.016182692 1.4138796869999999 10634
231 0.086811826 1.414487906 707921
232 0.011337945 1.414412812 0
233 0.023300783999999998 1.4149731740000002 137062
234 0.021290169 1.4147281070000002 210707
235 0.01456485 0.789869919 10651
236 0.013559635 0.789087631 1583
237 0.013559709000000001 0.78957483 2137
238 0.012478745999999999 0.78922573 903
239 0.012505957 0.7894681060000001 1174
240 0.01681732 0.788862349 23043
241 0.016823418000000003 0.789220338 38974
242 0.022719180000000002 0.7900846189999999 57427
243 0.024091615 0.789199187 129623
244 0.013526899 0.7898754739999999 3079
245 0.013558638999999999 0.7896944549999999 2692
246 0.029048944 0.78844912 163913
247 0.022734259 0.7892548319999999 63946
248 0.01635563 0.788985858 31198
249 0.070915363 0.7888135089999999 470510
250 0.08275600500000001 0.7895178540000001 698052
251 0.01560934 0.7897563719999999 6971
252 0.012509511000000001 0.788819814 267
253 0.07470690399999999 0.7893100799999999 781475
254 0.016828120999999998 0.789574311 40411
255 0.015609360000000001 0.788849804 16737
256 0.042042869 0.790600301 255719
257 0.06912319500000001 0.78914403 509196
258 0.011455953 0.788567397 328
259 0.048222398 0.7901153000000001 223250
260 0.019305833999999997 0.78995438 57782
261 0.012510185 0.788565022 853
262 0.012475861000000001 0.790656016 791
263 0.014580225 0.788614953 5457
264 0.016404836 0.7885507390000001 17017
265 0.039868347 0.789399274 261362
266 0.101266789 0.7884805570000001 986547
267 0.013564387 0.790450539 1983
268 0.011457611000000001 0.791538464 42
269 0.013558013 0.798543239 1827
270 0.012509387 0.788465784 415
271 0.013557911 0.792228035 861
272 0.013554358 0.7890276949999999 570
273 0.016426165 0.7890757709999999 14544
274 0.016437899000000002 0.790356598 5924
275 0.075653822 0.789221228 349595
276 0.027603289 0.78873525 105025
277 0.015598075999999999 0.7909598200000001 6131
278 0.015607824000000001 0.790076191 10685
279 0.01357939 0.7901717260000001 3665
280 0.012485086999999999 0.7910495679999999 1514
281 0.015606255999999999 0.789124811 8841
282 0.016779416000000002 0.789015047 17465
283 0.0146179 0.7890481949999999 4895
284 0.012509069999999999 0.7906493370000001 134
285 0.016815675999999998 0.790117571 9210
286 0.016441083 0.7908015260000001 21463
287 0.012495956 0.78953481 2356
288 0.0163727 0.789949537 23956
289 0.013559818999999999 0.791006481 3353
290 0.010471001 0.789009416 1
291 0.021887739 0.789685674 57426
292 0.014581332 0.789651157 6660
293 0.014601531999999999 0.789604846 7348
294 0.013559393 0.790338407 3078
295 0.017669401999999997 0.78896753 31197
296 0.083631043 0.7892815790000001 470509
297 0.012543688 0.7885475670000001 1783
298 0.014563171 0.789419617 12106
299 0.015613879999999998 0.789181753 8277
300 0.026303221 0.7891106339999999 89382
301 0.01635359 0.789800488 12385
302 0.025035414000000002 0.788256249 122621
303 0.012553537 0.790517517 1591
304 0.046746077 0.789457466 256853
305 0.016431688 0.790522001 23955
306 0.024802515 0.788818922 49734
307 0.010426834000000001 0.7891143030000001 0
309 0.024080496 0.789412681 42300
310 0.02625091 0.78923934 89382
311 0.08716639 0.788714154 781474
312 0.021908276 0.788483045 57781
313 0.085110085 0.789221176 260595
314 0.233150539 1.675871989 291589
315 0.11683683900000004 3.1986808310000003 246825
316 0.012510577 0.7885539229999999 2680
317 0.01236166 1.6752931910000002 1
318 0.032167765 1.3492828799999999 8135
322 0.012449788 0.5058864160000001 0
323 0.012368602000000001 1.111205906 128
324 0.013414877 1.110167872 959
325 0.125963139 0.578587489 1170095
326 0.013544081 0.577943856 107
327 0.014198713 0.578342909 316
328 0.013525859000000001 0.577797056 1051
329 0.013548702 0.579441152 383
330 0.013543734 0.578321197 116
331 0.014190025 0.579833556 997
332 0.013545251 0.5787711090000001 206
333 0.013550458000000001 0.578550931 96
334 0.049990465 0.578820856 329816
335 0.013548004 0.578258606 1142
336 0.01354876 0.579088267 409
337 0.013519713 0.578348849 268
338 0.339835009 0.578134385 2004929
339 0.096184862 0.57735942 843968
340 0.013548563 0.578354106 235
341 0.010398253000000001 0.578039293 1
342 0.024284082 0.577750105 26206
343 0.017162866000000002 0.5801320130000001 13517
344 0.015442535 0.578875432 3182
345 0.025730236 0.577675352 28872
346 0.114103436 0.577823578 843967
347 0.011319732 1.164741058 0
348 0.012511242 0.5779699189999999 75
350 0.131012189 0.88035078 996950
351 0.23301764300000002 0.879912784 966899
352 0.011432068 0.878808753 1
353 0.087126546 0.879531196 903514
354 0.220694152 0.8807981629999999 966899
356 0.16510378300000006 3.285326796 12360733
357 0.08272579399999999 1.426260768 1697681
358 0.012369761 1.426336547 1
359 0.020987449000000002 1.080949176 192
360 0.029248861 1.409563098 10047
361 0.035404544999999996 1.4099821510000001 14707
362 0.019751913 1.412312322 1704
365 0.012676141 0.542544449 53
367 0.014216988 0.571042113 601
368 0.020548550999999998 0.5712752959999999 5856
369 0.078906204 0.5707525400000001 290937
370 0.017956439999999997 0.571968665 4086
371 0.021023265 0.570907671 30030
372 0.01354438 0.5714262090000001 239
373 0.029539476 0.5708908049999999 109029
374 0.017948158999999998 0.5719765010000001 789
375 0.014195745000000001 0.5709882930000001 269
376 0.016224871999999998 0.571224539 900
377 0.012468136000000001 0.5724430189999999 13
378 0.011455095 0.573199047 59
379 0.014236269000000001 0.570776695 289
380 0.124266103 0.571284405 1088152
381 0.014623682 0.57221465 311
382 0.014209129999999999 0.571465747 891
383 0.013568234 0.5705679690000001 57
384 0.014220404 0.5704939059999999 537
385 0.014612696 0.5717995069999999 1006
386 0.014621932 0.571189625 390
387 0.023191996 0.5725398490000001 24859
388 0.036303629999999996 0.571599412 75470
389 0.017946708 0.571935956 3848
390 0.014212248 0.571043047 146
391 0.017950852 0.570403517 3835
392 0.517133812 0.571871527 2498646
393 0.013543626 0.570731927 127
394 0.025386569 0.571721686 122137
395 0.29042955099999995 0.571577858 1363411
396 0.013552548000000001 0.57132201 179
397 0.017156675 0.571861524 5942
398 0.016270569 0.5724980279999999 3168
399 0.020572278 0.570290398 28849
400 0.01884282 0.5728725579999999 8201
401 0.014159986999999999 0.571508871 439
402 0.013548246 0.571710123 27
403 0.019680755 0.5721410960000001 11601
404 0.017101528999999997 0.5714937449999999 2386
405 0.010397552 0.5713474110000001 1
406 0.010431412000000001 0.57129539 1
407 0.016267434 0.571034989 783
408 0.369571315 0.571421372 1085122
409 0.02553542000000004 0.570996326 61698
410 0.019724585 0.571824983 24629
411 0.637004347 0.5709947949999999 2498645
412 0.016266763 0.5709932150000001 1973
413 0.3489104350000001 0.570959331 1363410
414 0.016268205 0.571756133 693
415 0.020570941 0.570982173 28848
416 0.16315037100000002 0.571893556 1111408
417 0.016277336 0.571457189 2938
418 0.014220979 0.571208398 644
419 0.010403270000000001 0.572252175 0
420 0.010366512000000001 0.571722724 0
421 0.110903034 0.5703408759999999 877571
422 0.014493993 2.971824853 1
423 0.013549997 0.656866828 26817
424 0.219269935 1.542434841 78689
425 0.01237514 1.235176276 38715
426 0.020950726 2.397668905 24598
427 0.057926222 2.396635537 343827
428 0.23489165 2.3954457319999998 2980690
429 0.012474087000000057 2.3997558530000003 1
430 0.015653886 2.399544745 6997
432 0.05311889 2.398290054 148521
433 0.013569186 2.395973952 121
434 0.01670944 2.3958989959999997 10807
435 0.031451399 2.393771103 40612
436 0.024096918000000002 2.398063084 13698
437 0.018806006 2.399621622 14188
438 0.017751104 2.400695934 15692
439 0.18525946499999996 2.3990705300000004 1357292
440 0.025103362 2.397219931 40274
441 0.016706765 2.398904565 9132
442 0.013605121 2.395289136 33
443 2.438322785 2.395919279 9181545
444 0.014651039000000001 2.396832801 224
445 0.03971800300000003 2.397035222 148635
447 0.013604254999999999 2.398239552 2
448 0.07169821000000001 2.396493408 190623
449 0.076066786 2.394096974 595733
453 0.054449172 2.980200602 471980
454 0.036700148999999994 2.9755542740000003 187488
455 0.01868925 2.972347977 623
456 0.019772406 2.9748549879999997 6603
457 0.021872349 2.9765494070000003 54309
458 0.287161396 2.9726289599999998 2312241
459 0.067528913 2.976327289 907443
460 0.028125234 2.9750946349999996 58404
461 0.055169072 2.97529147 323338
462 0.044040589 2.972059012 114246
463 0.070106899 2.972785237 332244
464 0.6691783619999999 2.9757301720000005 10728036
465 0.030270677 2.97419602 250
466 0.020825345000000002 2.97440491 3172
467 0.021856366999999998 2.972040342 40641
468 0.023946352 2.96976964 75658
469 0.018648302 2.9718018560000004 25297
470 0.092623596 2.972770068 372911
471 0.016578442 2.973472204 19764
472 2.069281664 2.976622537 37325506
473 0.05661383800000001 2.974805943 412629
474 0.01553802 2.97233018 4
475 0.082209943 2.972727618 1389450
476 0.017626029999999997 2.978920003 3849
477 0.07848895700000005 2.9762334089999998 720660
478 0.017629235 2.9761528459999997 7072
479 0.035492881999999996 2.973229133 196991
480 0.09786660700000001 2.9756704679999997 1407164
482 0.017625758999999998 2.9778108960000003 15674
483 0.142060549 2.977245414 2482606
484 0.014519704999999999 2.973927963 34
485 0.021883081 2.97090102 14950
486 0.169334385 2.974257725 3223122
487 0.094186943 2.9705613420000003 1002697
488 0.233458691 2.975183176 2806245
489 0.023963132 2.974290054 46544
490 0.04846703 2.97615582 298949
491 1.122430129 2.970731581 20625442
492 0.021868058 2.982821441 21673
493 0.018725839000000036 2.976761454 15654
495 0.023932266999999993 2.975449438 5007
496 0.017631169999999998 2.977807433 10669
497 0.015541087 2.97784095 503
498 0.019728579000000003 2.974945592 0
499 0.017632909999999998 2.97594192 1217
500 0.042829835 2.97606018 217394
501 0.017597621 2.974427142 9804
502 2.1361781859999995 2.9736817540000002 38410384
503 0.030286928 2.9755870210000004 120157
504 0.022947995 2.973894503 67395
505 0.020825139 2.975270237 1
506 0.015540392 2.972147496 4606
507 0.036290381999999996 2.976249477 13685
508 0.049176004999999995 2.97060191 304233
509 0.02187004 2.9776965869999996 44
510 0.540977096 2.975861887 7431
511 0.0134635 2.972839815 0
512 0.035470572 2.971582099 18895
513 0.061481166 2.974390519 619721
514 0.530398155 2.973937752 10939242
515 1.9229808119999998 2.973551103 31279152
516 0.026037226 2.976563381 99335
517 0.04511917 2.973816839 299672
518 0.019730237 2.975691999 28466
519 0.030349453000000002 2.973631608 168371
520 2.6166022800000004 2.974274076 47822521
521 0.061035801 2.973036164 535787
522 0.6591081 2.976713309 11773978
523 0.059060704 2.976928588 412629
524 0.034433451000000004 2.97074031 38542
525 0.014542772999999998 2.97362833 9
526 0.019704106 2.972149728 12049
527 0.014520188 2.972009547 46
528 0.023928072 2.975396488 6312
529 0.015513249 2.974236825 24
531 0.018678767 2.9732148169999997 3331
532 0.16790307999999995 2.9747116009999996 2043472
533 0.017627805 2.97237436 440
534 0.014526882 2.973290366 419
535 0.055040061 2.972264926 547067
536 0.024974525 2.976186988 58191
537 0.525964978 2.977683475 8765836
538 0.058802146 2.971591778 679117
539 0.017629275 2.973117451 18635
540 5.456674487 2.97870285 90321703
541 0.061513067000000005 2.976565301 856148
542 0.017629756 2.9755788620000003 6630
543 0.016583261 2.973094702 353
544 0.016578064 2.972886571 1980
545 2.938544763 2.973479312 55722209
546 0.021871566 2.976267803 35915
547 0.058984861 2.975296568 439163
548 0.019729467 2.976118616 16711
549 0.020824897000000002 2.971102429 47444
550 0.047368851000000003 2.971137482 402620
551 0.136028317 2.9705357990000003 1978576
552 0.18182803400000003 2.974915268 2500603
553 0.047910139000000004 2.9774658119999997 268452
554 0.06205461 2.9721188769999998 406072
555 0.017628803 2.969480947 40268
556 0.168311709 2.971811416 2651800
557 4.400247048000001 2.9713905759999997 75238748
558 0.04996718 2.971869475 363518
559 0.015534749 2.971061529 126
560 0.023930442 2.9709754040000003 27850
561 0.083351831 2.971089476 1242624
562 0.063209683 2.974779796 550791
563 0.02292504 2.9739171320000004 70830
564 0.016584615 2.972625306 7318
565 0.126414345 2.9715904419999997 2197996
566 0.035498222999999995 2.978457117 82820
567 0.015525098 2.975269408 223
568 0.028176901999999997 2.976141948 62734
569 0.4740377439999999 2.9737569670000004 9182055
570 0.520055245 2.9705060189999997 10915035
571 0.018678125 2.976945599 490
572 0.022885771 2.975325213 10331
573 0.8162435180000001 2.97445758 10609468
574 0.030303364000000003 2.9758625249999997 75043
575 3.444591148 2.974609907 58080849
577 0.021850711999999998 2.97187731 4349
578 0.028174594 2.97174783 15293
579 0.035955125 2.973203449 109733
580 0.057242309 2.9773296609999997 586513
581 0.29436040300000005 2.976072674 2334221
582 0.24116895600000002 2.970930302 4094002
583 0.02294824 2.9724630920000004 50518
584 1.014922646 2.972529898 17155132
585 0.322800934 2.983886175 5920180
586 0.06411382 2.972894378 630275
587 0.026005574 2.97342652 26160
588 0.064022737 2.975290202 795778
589 0.15367693200000002 2.97892904 2261878
590 0.034500458 2.974780865 199106
591 0.055252402 2.977676977 527700
592 0.027102741000000003 2.976044326 125051
593 0.023928532 2.975941753 45892
594 0.015534393 2.97357787 104
595 0.021869557 2.9745764279999998 13303
596 0.019764062000000002 2.974077023 15015
597 0.114907155 2.972826755 802694
598 0.039656408000000004 2.976903941 90422
599 0.015548791999999999 2.9763030070000003 1605
601 0.022875562000000002 2.977056208 45
602 0.677336345 2.975963199 10725156
603 0.02820214500000002 2.9727935800000003 95401
604 0.035485587 2.972366467 17215
605 0.322101522 2.981094152 5916824
606 0.022934003 2.971270924 44
609 0.250176554 2.397066176 2980689
610 0.017590322 2.979192511 82052
611 0.015565421 2.991145657 4531
612 0.024009769 2.9900914530000002 245925
613 0.023955557000000002 2.988983377 188351
614 0.014559396 2.988692318 0
616 0.0155254 2.988528098 7272
617 0.039597806 2.990874983 581652
618 0.015519522000000001 2.993189996 18192
619 0.015519153 2.990007668 50091
620 0.015537383 2.993616884 4889
621 0.015505367 2.989932827 2
622 0.013598946 2.407071458 0
625 0.023925584 2.987316884 27850
626 0.47526085400000007 2.984751195 9182055
628 0.014522512000000001 2.989465896 78
629 0.014525859 2.9899407 29
630 0.014540084 2.9893764309999997 1
631 0.014477035 0.6106009969999999 228
632 0.012498591 0.6116769329999999 16
633 0.021678717 0.611971845 31
634 0.018025774 0.611794502 61
635 0.021807083999999997 0.6095273389999999 30
637 0.012756384 0.538639044 8
638 0.012773274999999999 0.5367054250000001 4731
639 0.015444382 0.488880656 140
640 0.060829063 0.536102997 22336
641 0.039017053 0.5368966110000001 781
642 0.060782505 0.536991668 17700
643 0.061898623 0.536850742 22335
644 0.061348 0.536941958 17699
645 0.012536634 0.536929262 0
649 0.022295998 0.5639016510000001 47609
651 0.030572659 1.287026993 211
652 0.367696157 2.9340974049999997 642941
655 0.013471996 2.992401344 0
656 0.116501186 1.0375672660000002 22291
657 0.115871959 1.0379661709999999 17474
658 0.11631141099999999 1.038578754 22291
659 0.115925557 1.03896469 17474
660 0.013582638000000001 1.3104258370000001 1
