1 0.019347229 0.868031893 6
2 0.014623804 0.573680245 20
4 0.023924902999999997 3.005037023 16
5 0.023925407 3.0053145249999997 18
6 0.023901673999999998 2.983101453 17
8 0.014564608 0.790353565 7
9 0.014558179000000001 0.7894854259999999 6
10 0.02077476 2.978419417 42
11 0.6878727060000001 2.39897563 37280216
12 0.013556807 0.788244834 6
13 0.013578161 0.788245928 6
14 0.014561148999999999 0.788926239 6
15 0.01455913 0.78910828 6
16 0.014568418 0.787802101 6
17 0.014551037000000001 0.78858285 6
18 0.014533334 0.787856441 6
19 0.014567564 0.7908532709999999 6
20 0.014565689 0.789141961 6
22 0.013556856000000029 0.790386602 7
23 0.013560032 0.7888234350000001 5
24 0.020480097000000003 0.578692206 36
25 0.013576798000000001 0.7892747950000001 7
26 0.014548875 0.7883901130000001 8
27 0.013555372 0.788530713 4
28 0.013555883 0.789166998 5
29 0.013559054000000001 0.7892485459999999 5
30 0.010404556 0.789124311 1
31 0.013524984 0.7893691820000001 6
32 0.012489019 0.788154222 3
33 0.013533825999999999 0.790080318 5
34 0.013561748 0.788909156 9
35 0.013557465 0.78996117 6
36 0.01357748 0.789259109 6
37 0.014606891 0.789319191 6
38 0.046481371 2.979326071 237
39 0.01356049 0.788165377 5
40 0.013565954 0.7905260500000001 6
41 0.013592629 0.7880717709999999 7
42 0.013555299000000002 0.789720782 5
43 0.014612291999999999 0.789464132 7
44 0.013561656 0.7896164259999999 7
45 0.013608748 0.787925516 7
46 0.013556313 0.787552944 7
47 0.013560886000000001 0.7884738619999999 7
48 0.014563566 0.788785081 7
49 0.013580519000000001 0.789752495 4
50 0.013560019 0.789645343 4
51 0.01356125 0.788571533 4
52 0.013560895 0.7905452930000001 4
53 0.01355589 0.7884880949999999 4
54 0.013563279000000001 0.789450063 4
55 0.013557053 0.789381146 4
56 0.013527625 0.788712718 4
57 0.013560473 0.7885655819999999 4
59 0.020802328000000002 2.979082592 16
60 0.020773577 2.980522799 20
61 0.02077121 2.980374443 19
62 0.196920235 0.536243331 302258
63 0.196188489 0.5336851629999999 302257
64 0.028163266 2.975724712 113
65 0.014528315 0.789988512 6
66 0.014563062 0.789389135 6
67 8.427832622 1.048994798 172543
68 0.013553337 0.788367594 4
69 0.013554987999999999 0.789234972 4
70 0.013559518 0.78837915 4
71 0.011457821 0.789671993 2
72 0.062470101 0.535076193 22336
73 0.0154407 0.572509578 30
74 0.014563231 0.7895724129999999 7
75 0.014657818999999999 0.789282027 6
76 0.014558620000000001 0.788870073 6
77 0.014581012 0.7893162220000001 6
78 0.014564239 0.788171312 6
79 0.014590945 0.7887318830000001 5
80 0.013553029000000001 0.79014622 5
81 0.015441677 2.9752185150000003 2
83 0.013558333 0.789438076 5
84 0.019720455999999997 2.9801692650000002 22
85 0.01456058 0.789175706 7
86 0.014562847 0.789651168 7
87 0.014605113 0.789118495 5
88 0.014569179 0.7917754379999999 5
89 0.014562628000000001 0.789063203 7
90 0.014606136 0.789191413 6
91 0.010402397999999998 0.788190858 1
92 0.014576770000000001 0.790464833 6
96 0.013540557 0.788352674 5
98 0.022874004 2.975959001 115
99 0.013559539 0.788431714 4
100 0.016266483 0.573745067 46
102 0.061936805 0.5360004660000001 17700
103 0.014607457 0.7895054720000001 5
105 0.016616389 1.675062605 1
107 0.013569823 0.788266918 5
108 0.023924887 2.9782263199999996 71
109 0.013577951 0.788173825 5
110 0.012505965 0.789190588 3
111 0.014562626 0.789429303 6
112 0.014606529 0.788740975 5
113 0.014609348 0.789786356 5
114 0.01039436 0.57252999 1
115 0.062988125 6.5047333 21549
117 0.010425777 0.578130108 0
118 0.019761214 2.973186487 14
122 0.010410143 0.571440475 0
123 0.01861818 2.982100571 13
124 6.603363101 4.361143086 76388701
125 0.02990409400000004 4.361008939 27850
126 0.717185754 4.358706829 9183151
127 0.06080992700000001 4.353871218999999 527701
132 10.418951057 2.978647193 60480400
134 0.013557514 2.3976245290000002 0
136 0.09076790700000001 1.4129081140000002 1246249
137 0.108366327 1.676563652 1008687
138 0.020060305 1.6763774610000002 79853
139 0.018332348999999998 1.3375168530000001 24856
144 0.011447780000000001 0.8811493 1
145 0.016682189 1.67675198 5554
146 0.024635396 1.674793558 41592
148 0.027465583 1.957567096 18793
149 0.015567509 1.6612790759999998 43405
150 0.015510095 1.661792065 50972
153 0.011316063 1.035117164 0
156 0.665128227 2.9712743390000003 11927180
157 0.128185297 2.9794083280000003 136607
158 0.021419693 1.369683518 459
159 0.01723057 1.369058588 239
160 0.027277187 1.3683975789999998 10666
161 0.165288985 1.369379599 471026
162 0.132276646 1.368036607 284700
163 0.017296669 1.369199952 12107
164 0.015269057 1.368797749 20
165 0.015279860000000001 1.371258156 9
166 0.020598072 1.367945003 1507
167 0.015352372 1.369862902 3
168 0.521270453 1.368721804 986775
169 0.5425415 1.3687963360000002 2517306
170 0.11748352399999998 1.370719467 195192
171 0.021936221000000002 1.367689497 23347
172 0.015244583 1.36905974 46
173 0.016401633000000002 1.369592252 2064
174 0.017224853 1.368708571 4200
175 0.015283115 1.369535683 6
176 0.015224854999999999 1.367896851 19
177 0.0133774 1.369838051 1
178 0.016438777999999998 1.3687772889999998 5477
179 0.03037075 1.3690796170000001 12922
180 0.01526649 1.3702952480000001 7
189 0.047272242 2.973014963 99648
194 0.041471260999999995 2.976944359 61755
195 0.49827288799999997 3.8192699529999996 9182983
198 0.018642950000000002 2.973886589 13656
199 0.015517706000000001 2.9815935 9107
200 0.9982485 2.982097187 6213934
201 0.013597134 2.399966753 0
202 0.013598982 2.401025679 0
203 0.633395322 2.981044891 6207926
204 0.014308462 3.815515581 754
205 2.2893417709999997 2.975125654 9354941
206 0.13777839 2.977324555 519474
207 15.803751102 2.973523985 90668763
208 0.036215008 2.991335546 141
210 0.017840546 1.11815002 1153
212 0.01116452 4.298955938 0
213 9.313555272 4.292831591 7144
214 0.247360203 3.922133495 979618
217 0.15065471200000005 0.5832702879999999 2524828
218 0.043270628999999956 0.8448078419999999 100654
219 0.023219703 0.840372415 44946
220 0.20718972700000002 0.850602644 666755
221 0.025871812 1.441297119 175856
223 0.026433834 1.455998405 120963
224 0.06673761900000001 1.460892328 1044293
225 0.04753240599999996 1.460194411 515234
226 0.043593762 1.451182378 346494
227 0.022102185000000055 1.4579429380000002 110668
228 0.09080331600000001 1.451747678 1246249
229 0.04163526 1.4415779819999999 330263
230 0.017066735 1.430597168 10634
231 0.08750341200000002 1.423055015 707921
232 0.011279843999999999 1.4287128939999998 0
233 0.023402481 1.4352480719999998 137062
234 0.021303772000000002 1.4177342510000002 210707
235 0.015607962999999999 0.789576938 10651
236 0.013556032999999999 0.790679172 1583
237 0.013557799 0.789328108 2137
238 0.012507968000000001 0.789184083 903
239 0.012521158 0.789067366 1174
240 0.01764182 0.7900909429999999 23043
241 0.016827186 0.7907306799999999 38974
242 0.022743089 0.789667734 57427
243 0.024118879 0.789142128 129623
244 0.013555972 0.7898550160000001 3079
245 0.013532409 0.789140817 2692
246 0.030146374 0.7894351310000001 163913
247 0.022739883000000002 0.789693045 63946
248 0.016771928 0.791264802 31198
249 0.070960803 0.7913559080000001 470510
250 0.083008831 0.7889175060000001 698052
251 0.015607408 0.789001734 6971
252 0.012504531000000001 0.7894726580000001 267
253 0.074873287 0.789004441 781475
254 0.016809323 0.790442828 40411
255 0.015613278 0.7893641339999999 16737
256 0.042153799 0.789413219 255719
257 0.069302029 0.790024223 509196
258 0.011461638000000001 0.7903924370000001 328
259 0.048338788 0.78986829 223250
260 0.019328786 0.790791109 57782
261 0.012510356 0.789775448 853
262 0.01247254 0.789846493 791
263 0.014564101000000001 0.790572109 5457
264 0.016842618 0.789326075 17017
265 0.040801956 0.790480959 261362
266 0.101625357 0.789667667 986547
267 0.013551793 0.791437096 1983
268 0.011458305 0.79053088 42
269 0.013557806 0.788856439 1827
270 0.012509540999999999 0.791033202 415
271 0.013590834000000001 0.788994629 861
272 0.013554609 0.7896927149999999 570
273 0.016429629 0.7898229569999999 14544
274 0.016434732 0.789080424 5924
275 0.075713814 0.79054247 349595
276 0.027761276 0.7894774720000001 105025
277 0.016457337 0.790103513 6131
278 0.015609280000000001 0.790904613 10685
279 0.01357808 0.789724189 3665
280 0.012501420000000001 0.7901698100000001 1514
281 0.015609936 0.790332127 8841
282 0.016843039 0.789797799 17465
283 0.014610218999999999 0.78866025 4895
284 0.01251115 0.788633468 134
285 0.016737114 0.79249511 9210
286 0.01634333 0.7892481060000001 21463
287 0.01355721900000004 0.7894656409999999 2356
288 0.016385553 0.789824461 23956
289 0.013555008 0.788995389 3353
290 0.010397943 0.790033812 1
291 0.021849918000000003 0.789275248 57426
292 0.014611186 0.789265266 6660
293 0.015612336999999999 0.78948412 7348
294 0.013557722 0.788667022 3078
295 0.017655814 0.789304152 31197
296 0.083536766 0.7901819739999999 470509
297 0.013550952 0.790930123 1783
298 0.014559959 0.790270326 12106
299 0.01560743 0.788986304 8277
300 0.026293155999999998 0.789430365 89382
301 0.016342165000000002 0.789151556 12385
302 0.025043347 0.7905445430000001 122621
303 0.012506777 0.790234931 1591
304 0.046827909 0.789456408 256853
305 0.016352945 0.789379887 23955
306 0.024883717 0.789270201 49734
307 0.010403957 0.789532014 0
309 0.023980157999999998 0.789116314 42300
310 0.026242902999999998 0.789768746 89382
311 0.087169158 0.788919604 781474
312 0.022710235000000002 0.788565061 57781
313 0.084969394 0.7900847870000001 260595
314 0.23422589300000002 1.6760678429999998 291589
315 0.11567372299999999 3.1997825989999997 246825
316 0.012504619 0.7905077260000001 2680
317 0.012350721 1.6782167860000001 1
318 0.032094936000000004 1.346997185 8135
322 0.012375549999999999 0.508051275 0
323 0.012344415999999999 1.111594202 128
324 0.013416716 1.1122741329999999 959
325 0.126513179 0.5799106610000001 1170095
326 0.013545149 0.578152093 107
327 0.014101097 0.578974147 316
328 0.013545593000000002 0.578441993 1051
329 0.01354734 0.5792366210000001 383
330 0.013545732 0.5791781159999999 116
331 0.014104907 0.578330009 997
332 0.013514393 0.579494804 206
333 0.013545513 0.580088485 96
334 0.050307533 0.578865726 329816
335 0.013544744000000001 0.5783743219999999 1142
336 0.013545698 0.5791653410000001 409
337 0.013542073 0.5801060109999999 268
338 0.34211217499999996 0.5784714769999999 2004929
339 0.09641327000000001 0.5786683850000001 843968
340 0.013545816 0.5791137160000001 235
341 0.010399301 0.578521333 1
342 0.02477068 0.58124623 26206
343 0.017150919 0.578409127 13517
344 0.01542068 0.578656174 3182
345 0.026164327 0.5788185159999999 28872
346 0.113971273 0.580015158 843967
347 0.011279663 1.16496705 0
348 0.012496715 0.579125519 75
350 0.131088421 0.879808897 996950
351 0.232929725 0.8801866119999999 966899
352 0.011457473 0.8802199740000001 1
353 0.087141774 0.880702961 903514
354 0.220604943 0.880941056 966899
356 0.165292375 3.2858477450000003 12360733
357 0.08267894 1.428125689 1697681
358 0.012366977999999999 1.4271016770000002 1
359 0.021494919999999997 1.083754832 192
360 0.029384332 1.411673645 10047
361 0.036020433 1.4100820379999999 14707
362 0.020575458999999997 1.4107848799999998 1704
365 0.012626476000000001 0.543477504 53
367 0.014628463 0.571472203 601
368 0.020531088 0.571498416 5856
369 0.079214852 0.5708959819999999 290937
370 0.017930438 0.572352921 4086
371 0.02111514 0.5720287310000001 30030
372 0.014136941 0.571760181 239
373 0.029729483 0.57201114 109029
374 0.018778854 0.571148487 789
375 0.014096831 0.571341515 269
376 0.016256172 0.571263027 900
377 0.012527892 0.57169944 13
378 0.011445393 0.572869425 59
379 0.014171198000000001 0.571686429 289
380 0.124272788 0.5713452920000001 1088152
381 0.01461496299999999 0.571054758 311
382 0.014108121 0.571483427 891
383 0.013542531 0.5714785400000001 57
384 0.014089277 0.571560865 537
385 0.014633036 0.571720414 1006
386 0.014610813 0.571537613 390
387 0.023656583999999998 0.571081648 24859
388 0.036425502 0.570787706 75470
389 0.017888969 0.5718917659999999 3848
390 0.014066147999999999 0.5716219669999999 146
391 0.018781555000000002 0.57103399 3835
392 0.517542097 0.570949428 2498646
393 0.014092239 0.5717663270000001 127
394 0.02537079 0.571215868 122137
395 0.29042430599999997 0.571313976 1363411
396 0.013478637 0.572412934 179
397 0.017146533 0.5708005009999999 5942
398 0.016252894 0.571657019 3168
399 0.020559859 0.5720485559999999 28849
400 0.019694905999999998 0.571256419 8201
401 0.014089181000000001 0.5715552349999999 439
402 0.013515768 0.572079762 27
403 0.019663179 0.57221206 11601
404 0.017108219 0.570858775 2386
405 0.010403742 0.571927686 1
406 0.010350253 0.573141969 1
407 0.016259407 0.57120222 783
408 0.36935620900000005 0.57155889 1085122
409 0.025611964 0.571471938 61698
410 0.019708322 0.5728198030000001 24629
411 0.636032999 0.571459701 2498645
412 0.016256554 0.5718606529999999 1973
413 0.34808080500000005 0.571544645 1363410
414 0.016239935 0.571349094 693
415 0.020574771000000002 0.572775419 28848
416 0.16240245999999997 0.5720292730000001 1111408
417 0.016236989 0.571525565 2938
418 0.014099315000000001 0.5708437679999999 644
419 0.010396999 0.571554798 0
420 0.010413163000000001 0.572378194 0
421 0.111053525 0.5714168100000001 877571
422 0.014517935 2.974258934 1
423 0.013512471 0.655359949 26817
424 0.218750608 1.5442111920000001 78689
425 0.012368559 1.234734905 38715
426 0.020949376 2.39737886 24598
427 0.057988512 2.3961968679999996 343827
428 0.234984957 2.4004669929999998 2980690
429 0.012543712 2.4001863709999998 1
430 0.0156766 2.398405954 6997
432 0.052792763 2.40051687 148521
433 0.013592955 2.3947157519999998 121
434 0.016685941 2.3967007340000004 10807
435 0.03144357900000003 2.3988208739999997 40612
436 0.024066718 2.397871637 13698
437 0.018816983 2.398764071 14188
438 0.017760632000000002 2.3989554699999998 15692
439 0.185512829 2.397646389 1357292
440 0.025081184 2.398515765 40274
441 0.016702714 2.39675824 9132
442 0.013599436 2.3944871629999995 33
443 2.447990066 2.397313691 9181545
444 0.014615233 2.3990355180000003 224
445 0.03813406 2.398122254 148635
447 0.013585761 2.3973674320000002 2
448 0.071786303 2.395659572 190623
449 0.07923827400000001 2.403036638 595733
453 0.051517485999999994 2.983505252 471980
454 0.036662701 2.9731828 187488
455 0.018673286 2.976895698 623
456 0.019720241000000003 2.976561833 6603
457 0.021866909 2.972963749 54309
458 0.29017879700000004 2.972823144 2312241
459 0.06452708800000001 2.979158566 907443
460 0.028080798 2.975317034 58404
461 0.055910811000000005 2.972912062 323338
462 0.045190089999999995 2.9731716809999997 114246
463 0.073366643 2.9774067769999997 332244
464 0.6732126820000001 2.9751575210000003 10728036
465 0.0313154 2.974487151 250
466 0.02081724 2.972539985 3172
467 0.022910642 2.974730165 40641
468 0.023998564 2.975343073 75658
469 0.018631018 2.9769474870000003 25297
470 0.09523401399999999 2.9785025610000004 372911
471 0.016568391 2.974350603 19764
472 2.066869401 2.975511922 37325506
473 0.056771402 2.9749482 412629
474 0.015498564000000001 3.0007195610000004 4
475 0.082104256 2.994399617 1389450
476 0.017617524000000002 2.973473012 3849
477 0.07885557499999996 2.973689832 720660
478 0.017616985 2.980767319 7072
479 0.035486593000000004 2.979213687 196991
480 0.09769111999999999 2.981714142 1407164
482 0.017618763 2.975501733 15674
483 0.142353756 2.975055351 2482606
484 0.014518969 2.9723648480000002 34
485 0.022898078000000002 2.972880992 14950
486 0.16893207300000002 2.9739958829999997 3223122
487 0.094884472 2.9775112790000002 1002697
488 0.23692944800000001 2.973798383 2806245
489 0.023940756 2.976512949 46544
490 0.050056916 2.975887512 298949
491 1.12815134 2.975742119 20625442
492 0.021847330999999998 2.975701325 21673
493 0.01867032 2.977765396 15654
495 0.023977084999999964 2.9761080890000002 5007
496 0.018636834999999963 2.9774918959999996 10669
497 0.015517168999999999 2.97775992 503
498 0.019712006 2.9743497740000002 0
499 0.017623266 2.9779910419999998 1217
500 0.043589941 2.977698442 217394
501 0.017623397000000002 2.974282974 9804
502 2.14128804 2.973986448 38410384
503 0.030281328 2.9775791099999998 120157
504 0.022919864 2.9758838849999996 67395
505 0.021862594000000003 2.976322983 1
506 0.016569271 2.9745058909999997 4606
507 0.036793741000000005 2.973003541 13685
508 0.049226105000000006 2.974341118 304233
509 0.021844330999999998 2.973505576 44
510 0.5430133070000001 2.977256793 7431
511 0.013464922 2.977900655 0
512 0.035447315 2.976584989 18895
513 0.061857758 2.97316167 619721
514 0.532978307 2.977309971 10939242
515 1.929106831 2.974163111 31279152
516 0.026029771 2.977755786 99335
517 0.045108812 2.976589199 299672
518 0.020798996 2.9746005899999997 28466
519 0.030305622 2.9747245639999997 168371
520 2.5906245830000003 2.9726469040000003 47822521
521 0.06077124 2.973203993 535787
522 0.656021583 2.971757743 11773978
523 0.061185546 2.9764280320000003 412629
524 0.035458522 2.978871407 38542
525 0.01450704 2.973828468 9
526 0.019749669 2.973823651 12049
527 0.014477207 2.97158744 46
528 0.024930021 2.973056058 6312
529 0.015501547000000001 2.9724455780000003 24
531 0.018660536 2.971912213 3331
532 0.166423282 2.9723841540000002 2043472
533 0.017628268 2.971435222 440
534 0.014500466 2.972055557 419
535 0.054644112 2.974729959 547067
536 0.024990198 2.973318083 58191
537 0.528616443 2.975756483 8765836
538 0.058335463000000004 2.977416355 679117
539 0.018639467 2.971556486 18635
540 5.426373099 2.97245565 90321703
541 0.061331648999999995 2.973667651 856148
542 0.017613719 2.978996744 6630
543 0.016566089 2.9773383879999997 353
544 0.016556 2.976788947 1980
545 2.93495891 2.976437649 55722209
546 0.021831518 2.979167395 35915
547 0.060315064 2.978131091 439163
548 0.019762586999999998 2.980587572 16711
549 0.020815076000000002 2.976176872 47444
550 0.047201571000000005 2.9761680299999997 402620
551 0.136019917 2.974783748 1978576
552 0.182204979 2.976715194 2500603
553 0.048919211000000004 2.9781724389999997 268452
554 0.062274646 2.975164639 406072
555 0.017624076000000002 2.974608699 40268
556 0.168814659 2.973894225 2651800
557 4.398395263 2.974135639 75238748
558 0.050251905 2.973696115 363518
559 0.015504452 2.975193456 126
560 0.023924414 2.973068446 27850
561 0.08340450299999999 2.974053733 1242624
562 0.062904236 2.978970078 550791
563 0.022914947 2.977356489 70830
564 0.016569072 2.974037973 7318
565 0.126429179 2.976874599 2197996
566 0.03552303699999999 2.976855415 82820
567 0.015525206 2.977824207 223
568 0.028163357 2.974671988 62734
569 0.4753127979999999 2.974385353 9182055
570 0.524143201 2.972332141 10915035
571 0.018671575 2.9742207740000004 490
572 0.023920805 2.9766849160000004 10331
573 0.820904463 2.973260057 10609468
574 0.030263493 2.9749026150000004 75043
575 3.477676174 2.975742089 58080849
577 0.021875797 2.9752499649999997 4349
578 0.028110383000000003 2.977011702 15293
579 0.037337989 2.9761890469999996 109733
580 0.05410601899999997 2.9770500720000004 586513
581 0.29466749600000003 2.9722765929999997 2334221
582 0.24474625 2.978795388 4094002
583 0.022910625 2.978202276 50518
584 1.012268147 2.976957386 17155132
585 0.31944928 2.97612024 5920180
586 0.06651380400000001 2.9763589980000003 630275
587 0.027113461 2.9780052940000004 26160
588 0.06325592799999996 2.977439605 795778
589 0.154052735 2.9737276720000003 2261878
590 0.034467053 2.974777904 199106
591 0.052933118 2.972555502 527700
592 0.028178446 2.972749338 125051
593 0.023904431 2.9706031150000003 45892
594 0.015520763000000002 2.971810701 104
595 0.022894332 2.9746656430000002 13303
596 0.019755588 2.976334513 15015
597 0.11871106299999999 2.97793067 802694
598 0.039308659 2.973311342 90422
599 0.016565056 2.973489838 1605
601 0.023895955000000003 2.971235108 45
602 0.6764936850000001 2.974485486 10725156
603 0.029196383000000003 2.9759819199999997 95401
604 0.03546607 2.976196081 17215
605 0.320121757 2.9783327280000003 5916824
606 0.023941887999999998 2.9766698799999998 44
609 0.24938593700000003 2.39742907 2980689
610 0.017785909 2.978866452 82052
611 0.015528723 2.9746841579999996 4531
612 0.023957235 2.975418306 245925
613 0.023935953000000003 2.974015874 188351
614 0.014494141 2.971425066 0
616 0.015522116 2.975801301 7272
617 0.039630778 2.97197187 581652
618 0.015522146 2.970460981 18192
619 0.015525114999999999 2.9733989210000003 50091
620 0.015490328 2.973575395 4889
621 0.015502365 2.973133668 2
622 0.013597943999999999 2.397836754 0
625 0.023967959 2.9759629 27850
626 0.47845578000000005 2.977941667 9182055
628 0.014493625 2.975678786 78
629 0.014518339 2.9751314300000002 29
630 0.014513306 2.9751334309999997 1
631 0.014508611000000001 0.611450514 228
632 0.012494304 0.609581417 16
633 0.022168147 0.6085624590000001 31
634 0.018851080000000003 0.608253223 61
635 0.022147633 0.6088857959999999 30
637 0.012764605 0.533832831 8
638 0.012695620999999999 0.535003123 4731
639 0.015486528 0.48517581400000004 140
640 0.062592496 0.535300559 22336
641 0.039884209999999996 0.535014561 781
642 0.062055633 0.534141537 17700
643 0.063398873 0.5366435800000001 22335
644 0.06282729 0.5353346339999999 17699
645 0.012506991 0.535442593 0
649 0.022380608 0.560996551 47609
651 0.030695109 1.281684139 211
652 0.36797509100000003 2.922243978 642941
655 0.013452281000000002 2.981858929 0
656 0.11924694500000001 1.035675156 22291
657 0.119358774 1.034195591 17474
658 0.119027935 1.035721612 22291
659 0.119137148 1.034884603 17474
660 0.013580369 1.306806426 1
