1 0.014549321 0.7905070829999999 6
2 0.014657531000000001 0.573252362 20
4 0.02395804 2.981058538 16
5 0.023903824 2.980565565 18
6 0.023926156 2.978245469 17
8 0.014591315 0.7906071480000001 7
9 0.014574913 0.791556844 6
10 0.020822695999999998 2.978639253 42
11 0.687672328 2.405478488 37280216
12 0.013557917 0.790720206 6
13 0.01356107 0.792130867 6
14 0.014567700999999999 0.789829251 6
15 0.014567563 0.7912826629999999 6
16 0.014564295 0.789886966 6
17 0.014544120999999998 0.7917401529999999 6
18 0.014586894 0.789645635 6
19 0.014568418999999999 0.791045732 6
20 0.014563188 0.790392623 6
22 0.014584852 0.7895178540000001 7
23 0.013559743 0.790764968 5
24 0.020451786 0.5817264799999999 36
25 0.013554933000000002 0.789909392 7
26 0.014564735 0.790418944 8
27 0.013558896 0.7911230109999999 4
28 0.013552071 0.790012613 5
29 0.013556919 0.792356117 5
30 0.010414967 0.7904882240000001 1
31 0.01355475 0.790694696 6
32 0.012505993 0.7901258329999999 3
33 0.013558787000000001 0.791014228 5
34 0.013559677 0.790247191 9
35 0.013561881999999999 0.790894551 6
36 0.013559124 0.79049246 6
37 0.014531111000000001 0.790316279 6
38 0.046357349 2.980400412 237
39 0.014608214 0.790840615 5
40 0.013563058999999999 0.791474563 6
41 0.013560181000000001 0.790306649 7
42 0.013561546 0.790208063 5
43 0.013559313 0.791174233 7
44 0.013544741 0.791672919 7
45 0.01359666 0.792382189 7
46 0.013591326999999999 0.790229761 7
47 0.014593164 0.790746186 7
48 0.014566591 0.790426544 7
49 0.01355134 0.790880509 4
50 0.013559621999999999 0.790722863 4
51 0.013558549999999999 0.791159731 4
52 0.01355875 0.789833171 4
53 0.013558931 0.791513746 4
54 0.013544608 0.7898248560000001 4
55 0.013557833 0.791918333 4
56 0.013555494000000001 0.790890751 4
57 0.013560998999999999 0.7906935060000001 4
59 0.020787446 2.983903619 16
60 0.020824471 2.983210142 20
61 0.020826202000000002 2.982242667 19
62 0.19607016500000002 0.53511897 302258
63 0.195610391 0.5349107369999999 302257
64 0.027079995 2.983354053 113
65 0.014548714 0.790620803 6
66 0.014563012 0.791624811 6
67 8.457539644999999 1.048389078 172543
68 0.013561387000000001 0.790284293 4
69 0.013581387 0.7929093740000001 4
70 0.01357922 0.790355559 4
71 0.011455621999999999 0.792074659 2
72 0.061138989000000005 0.534948343 22336
73 0.015442535 0.572891621 30
74 0.014559167999999999 0.790936042 7
75 0.014532465 0.791054576 6
76 0.014577693999999999 0.7905832199999999 6
77 0.014564552 0.790369418 6
78 0.014514023999999999 0.7913314690000001 6
79 0.013591486000000002 0.789696756 5
80 0.013580363 0.792024794 5
81 0.014479209000000002 2.98374308 2
83 0.013561879 0.791451758 5
84 0.019726497 2.981191227 22
85 0.01458364 0.790349588 7
86 0.014564848 0.790030672 7
87 0.013561009 0.7906485910000001 5
88 0.01353228 0.791580905 5
89 0.014564737 0.78978188 7
90 0.013558552 0.790979927 6
91 0.010412482 0.790849569 1
92 0.014546811 0.7907967020000001 6
96 0.013579311 0.79061374 5
98 0.022947276000000003 2.9849072420000002 115
99 0.013571825000000001 0.789833973 4
100 0.016272806 0.5747356869999999 46
102 0.060561828 0.535954223 17700
103 0.013567485 0.798927959 5
105 0.016266852999999998 1.682857133 1
107 0.013606379 0.7916315389999999 5
108 0.023990134 2.983899017 71
109 0.013570018 0.7919919089999999 5
110 0.01250814 0.790314591 3
111 0.01456023 0.790530155 6
112 0.013504407999999999 0.7922755009999999 5
113 0.013554058999999999 0.7898886119999999 5
114 0.010401114999999999 0.572791842 1
115 0.063623249 6.51817947 21549
117 0.010394484 0.573622172 0
118 0.019727092 2.9755705580000003 14
122 0.010397999 0.571865271 0
123 0.018665674 2.977821948 13
124 6.578371325 4.360166925 76388701
125 0.029611749 4.365908652 27850
126 0.716717039 4.361606771 9183151
127 0.060319599 4.361535462999999 527701
132 10.402033872999999 2.9776096749999996 60480400
134 0.013608794 2.3978160130000004 0
136 0.090584391 1.4119294100000002 1246249
137 0.107113689 1.6753143769999999 1008687
138 0.020052498 1.675017731 79853
139 0.018299281 1.339538108 24856
144 0.011432145000000001 0.880043334 1
145 0.016192861 1.674923089 5554
146 0.024306797999999998 1.675003557 41592
148 0.027161476 1.9559887009999999 18793
149 0.015548459999999998 1.659000088 43405
150 0.015503536 1.6586379580000001 50972
153 0.011338203 1.033667603 0
156 0.667734877 2.9743785750000002 11927180
157 0.12653622999999997 2.9745876439999996 136607
158 0.020581937 1.3688935279999999 459
159 0.017215661 1.36808424 239
160 0.02649457 1.3707203199999998 10666
161 0.166127277 1.3695712990000002 471026
162 0.131787611 1.368562057 284700
163 0.017298269 1.3690755989999999 12107
164 0.015133012000000001 1.369567884 20
165 0.015156461 1.3686655719999998 9
166 0.019733368999999997 1.368793094 1507
167 0.014467215 1.369367975 3
168 0.516608298 1.369987727 986775
169 0.5441031510000001 1.370069912 2517306
170 0.116272993 1.369198763 195192
171 0.021813989000000002 1.370634956 23347
172 0.015203045 1.369076635 46
173 0.016361071 1.369264969 2064
174 0.017215661 1.3703778819999999 4200
175 0.015231322 1.367972477 6
176 0.015152266 1.369119349 19
177 0.013443525999999999 1.371127689 1
178 0.016450401000000003 1.368289047 5477
179 0.029865423 1.368138355 12922
180 0.015095388000000001 1.3721709469999999 7
189 0.04683381 2.9733871690000004 99648
194 0.040016896 2.970110809 61755
195 0.494573159 3.811865173 9182983
198 0.018643828 2.974612207 13656
199 0.015558790999999999 2.974166246 9107
200 0.99393677 2.971338697 6213934
201 0.013607168 2.394867483 0
202 0.013582182 2.39350219 0
203 0.631406096 2.9727446889999998 6207926
204 0.014327764 3.8116593450000003 754
205 2.2875115609999996 2.97550312 9354941
206 0.136323817 2.97397431 519474
207 15.81515963 2.975303682 90668763
208 0.036528527000000005 3.0120567030000003 141
210 0.017012825000000002 1.114919204 1153
212 0.011164393 4.280779462 0
213 9.290047291999999 4.285811074 7144
214 0.246346041 3.870124753 979618
217 0.150413396 0.579510834 2524828
218 0.043185366 0.8339586920000001 100654
219 0.022978728 0.8330043789999999 44946
220 0.207457252 0.834571496 666755
221 0.02564635 1.412822006 175856
223 0.026279851 1.413993629 120963
224 0.06639286 1.412872303 1044293
225 0.047009376 1.413220077 515234
226 0.043005197999999994 1.412979325 346494
227 0.021833061 1.412912541 110668
228 0.090679996 1.413488042 1246249
229 0.041104775 1.413895164 330263
230 0.016198816 1.4145967179999999 10634
231 0.08689603900000001 1.4132148199999999 707921
232 0.011289754999999999 1.413305695 0
233 0.02326814 1.4132998079999999 137062
234 0.021222908999999998 1.412548965 210707
235 0.014568061 0.7908328649999999 10651
236 0.013560817 0.788547272 1583
237 0.013577205 0.7884519520000001 2137
238 0.012506923000000001 0.789998767 903
239 0.012451414000000001 0.7890584 1174
240 0.016806326 0.7887808540000001 23043
241 0.016827373 0.7902054599999999 38974
242 0.02269997100000002 0.790481199 57427
243 0.024071545 0.7893099490000001 129623
244 0.013560391 0.789738657 3079
245 0.013557893 0.7905048610000001 2692
246 0.029024992 0.78843484 163913
247 0.022744283 0.790560889 63946
248 0.016454372 0.788853711 31198
249 0.070829841 0.789063395 470510
250 0.082705294 0.789577814 698052
251 0.015613351000000001 0.788000086 6971
252 0.012511962 0.789974782 267
253 0.074742958 0.789240717 781475
254 0.016822727 0.788305254 40411
255 0.015608246999999999 0.790070589 16737
256 0.042087218999999995 0.789754102 255719
257 0.06922522 0.789847078 509196
258 0.011460734 0.789402363 328
259 0.048229704 0.790729973 223250
260 0.019325596 0.789545451 57782
261 0.012480065 0.788794175 853
262 0.012471364 0.791558023 791
263 0.014533249 0.788154062 5457
264 0.016470951 0.7887594939999999 17017
265 0.039882278 0.7895605250000001 261362
266 0.101310388 0.788529363 986547
267 0.013559217 0.789634613 1983
268 0.011460669 0.7896906899999999 42
269 0.013555347 0.7889219180000001 1827
270 0.012502913000000001 0.788389166 415
271 0.01355952099999995 0.789796615 861
272 0.013560248 0.789113945 570
273 0.016438623 0.7887537609999999 14544
274 0.016400737000000002 0.790417464 5924
275 0.075684241 0.788961127 349595
276 0.02764782 0.789525076 105025
277 0.015605476 0.789011349 6131
278 0.015611206 0.788547128 10685
279 0.013562398 0.7901389569999999 3665
280 0.012490343000000001 0.7897130250000001 1514
281 0.015605849 0.791020572 8841
282 0.01681638500000001 0.7888816040000001 17465
283 0.014612214 0.788698464 4895
284 0.012509704 0.790948726 134
285 0.016824149 0.7893559 9210
286 0.016451752 0.7906232040000001 21463
287 0.012509162 0.789117623 2356
288 0.016419800999999998 0.7884431289999999 23956
289 0.013558246 0.7898514059999999 3353
290 0.010412649999999999 0.7891704180000001 1
291 0.021883604 0.790166591 57426
292 0.014631977999999999 0.789806261 6660
293 0.014566632999999999 0.7897758349999999 7348
294 0.013561126 0.789680032 3078
295 0.017667341 0.788827524 31197
296 0.083744704 0.7897738569999999 470509
297 0.012509734 0.7885833419999999 1783
298 0.014563837999999999 0.790262424 12106
299 0.015578251 0.790832115 8277
300 0.026228034 0.788018958 89382
301 0.016378814000000002 0.789409918 12385
302 0.024910277999999998 0.7890162190000001 122621
303 0.012510343 0.7894107490000001 1591
304 0.046801303 0.789499397 256853
305 0.016458963 0.7892316239999999 23955
306 0.024811394 0.789022838 49734
307 0.010410121 0.788064481 0
309 0.024053179 0.789435486 42300
310 0.026276333 0.789417766 89382
311 0.087182667 0.788993147 781474
312 0.021910847 0.790617122 57781
313 0.08514550900000001 0.7882205250000001 260595
314 0.230500187 1.6801329299999999 291589
315 0.11693971400000001 3.205854375 246825
316 0.012511831 0.788808566 2680
317 0.012379345 1.67683501 1
318 0.032251994 1.3491603079999999 8135
322 0.012453183000000001 0.506946315 0
323 0.012331992 1.111337152 128
324 0.013423245 1.112434938 959
325 0.126048742 0.5779210009999999 1170095
326 0.013570242 0.580090403 107
327 0.014185034 0.579787245 316
328 0.013568923 0.580082777 1051
329 0.013547460999999998 0.578278651 383
330 0.013548979 0.5781671859999999 116
331 0.014222384 0.5776479889999999 997
332 0.013516888000000001 0.5791950770000001 206
333 0.013546788 0.577845728 96
334 0.049042413 0.578192025 329816
335 0.01355581 0.579339571 1142
336 0.013547766 0.579103024 409
337 0.01354842 0.578412446 268
338 0.343162567 0.578407487 2004929
339 0.096304432 0.5780237380000001 843968
340 0.013550552 0.5799619570000001 235
341 0.010396929000000001 0.57859151 1
342 0.024323741999999968 0.5789147680000001 26206
343 0.017183606 0.5784109350000001 13517
344 0.01544341 0.577817914 3182
345 0.025692816 0.578067244 28872
346 0.113914152 0.577859267 843967
347 0.011309787 1.165198829 0
348 0.012499309 0.5778728670000001 75
350 0.131048716 0.8794811180000001 996950
351 0.23532661 0.87993714 966899
352 0.011474153 0.8802662920000001 1
353 0.087057567 0.8795950849999999 903514
354 0.223128962 0.88025503 966899
356 0.165073141 3.280799531 12360733
357 0.082356981 1.427644505 1697681
358 0.012317696 1.427975695 1
359 0.02103110699999996 1.08088042 192
360 0.028331601999999997 1.40984767 10047
361 0.035415999000000004 1.410001722 14707
362 0.019749409 1.4113384660000001 1704
365 0.012651792 0.5430968429999999 53
367 0.014133638 0.57122171 601
368 0.019707580000000002 0.5722784590000001 5856
369 0.079008623 0.573116313 290937
370 0.017964317 0.570841046 4086
371 0.021046931 0.571700397 30030
372 0.013518477999999999 0.572573356 239
373 0.029470539 0.5719458570000001 109029
374 0.017947423 0.571524732 789
375 0.01422969 0.5711025619999999 269
376 0.0154409 0.572158385 900
377 0.012502867 0.57287365 13
378 0.011481725 0.5722301340000001 59
379 0.013554022 0.5722575820000001 289
380 0.124330453 0.571106536 1088152
381 0.014619966 0.5715200819999999 311
382 0.01424534 0.571450197 891
383 0.013549472 0.5706946170000001 57
384 0.014161609 0.571264027 537
385 0.01462603 0.571556669 1006
386 0.014651614999999991 0.572345895 390
387 0.023497626 0.5707089009999999 24859
388 0.03624161 0.572089846 75470
389 0.01794915 0.572802205 3848
390 0.014180168 0.5706287360000001 146
391 0.017952447999999975 0.571315926 3835
392 0.52167617 0.57155021 2498646
393 0.013549706 0.571801208 127
394 0.025387667000000003 0.571932041 122137
395 0.287860534 0.573016979 1363411
396 0.01351512 0.572375605 179
397 0.017160418 0.5721132050000001 5942
398 0.016266951999999998 0.5715685699999999 3168
399 0.020584119999999997 0.570766486 28849
400 0.018866252 0.572163507 8201
401 0.014200102999999999 0.573429959 439
402 0.013549928 0.5721097879999999 27
403 0.018880219 0.571609602 11601
404 0.017099199 0.572126691 2386
405 0.010432718999999998 0.570949314 1
406 0.010399406000000002 0.5720122 1
407 0.015440292 0.571811593 783
408 0.36823930200000005 0.572320646 1085122
409 0.025553563999999997 0.572046158 61698
410 0.019727925 0.571775068 24629
411 0.632052045 0.572823725 2498645
412 0.016281322 0.571379439 1973
413 0.34449381999999995 0.570859404 1363410
414 0.016271808999999998 0.571838802 693
415 0.020573985 0.572275863 28848
416 0.16381881999999995 0.570952676 1111408
417 0.016274031 0.571083603 2938
418 0.014168611999999999 0.5720829860000001 644
419 0.011448087 0.571420745 0
420 0.010419432000000001 0.5716543070000001 0
421 0.11099883599999999 0.5714660619999999 877571
422 0.014490608 2.977225572 1
423 0.012504879 0.65665452 26817
424 0.22068645499999998 1.544292012 78689
425 0.012381185999999999 1.235104906 38715
426 0.020926923 2.401024363 24598
427 0.057957051 2.398507795 343827
428 0.23083438 2.39954043 2980690
429 0.012549455 2.396670126 1
430 0.015648711 2.397470454 6997
432 0.053865944000000006 2.397472294 148521
433 0.013609979999999999 2.3991534390000004 121
434 0.016704544 2.3984218650000004 10807
435 0.030399773 2.3987183140000004 40612
436 0.024051823 2.393823464 13698
437 0.018803062000000002 2.3952823999999997 14188
438 0.017722597000000003 2.4006087369999998 15692
439 0.187730209 2.3985279619999997 1357292
440 0.025111143 2.397141233 40274
441 0.016701041 2.4008692039999997 9132
442 0.013544291 2.399211758 33
443 2.436399709 2.3974605779999996 9181545
444 0.014656292999999999 2.395495252 224
445 0.037686223 2.395230318 148635
447 0.013623172000000001 2.398017867 2
448 0.07241006200000001 2.397999022 190623
449 0.075489284 2.395990922 595733
453 0.050761085 2.973092497 471980
454 0.037583962 2.977960196 187488
455 0.018672255000000002 2.976388984 623
456 0.019726681 2.975345207 6603
457 0.021900621999999998 2.976070088 54309
458 0.288201037 2.978636669 2312241
459 0.0636665 2.9741526609999998 907443
460 0.028121820999999998 2.974989603 58404
461 0.057824773 2.976241707 323338
462 0.044728629 2.973974448 114246
463 0.070438651 2.973061522 332244
464 0.666989886 2.970694621 10728036
465 0.031330822 2.976029735 250
466 0.020777624 2.977197939 3172
467 0.021874594 2.975632738 40641
468 0.023941782999999998 2.9777265070000003 75658
469 0.018644393 2.975012395 25297
470 0.092620808 2.9753562089999996 372911
471 0.016575489000000002 2.9713491320000003 19764
472 2.067472515 2.9737061490000003 37325506
473 0.057413208 2.979399677 412629
474 0.015468172 2.974902734 4
475 0.08197089599999999 2.974639881 1389450
476 0.017633413 2.976050227 3849
477 0.079555478 2.97313576 720660
478 0.017630402 2.975785401 7072
479 0.03552451899999997 2.975306572 196991
480 0.097959865 2.974685942 1407164
482 0.017641353999999998 2.973155506 15674
483 0.144091954 2.9746482089999997 2482606
484 0.014522558000000001 2.971921952 34
485 0.022910178 2.9730095920000004 14950
486 0.168323273 2.971655288 3223122
487 0.094085934 2.9734385980000004 1002697
488 0.235866797 2.974198791 2806245
489 0.023987316999999998 2.975257922 46544
490 0.049560067 2.975980637 298949
491 1.126913933 2.9738173459999997 20625442
492 0.021868777 2.973515354 21673
493 0.018636772 2.9756122009999997 15654
495 0.023972813 2.976016381 5007
496 0.017594974 2.979184034 10669
497 0.015526252 2.976670219 503
498 0.019725839 2.9757324190000003 0
499 0.017632412 2.9764418360000002 1217
500 0.042864689 2.975303016 217394
501 0.017631023000000003 2.975035406 9804
502 2.140498074 2.9720423339999997 38410384
503 0.030256674 2.97518041 120157
504 0.022937179 2.977469784 67395
505 0.020797294999999997 2.9821344300000003 1
506 0.015526671 2.974647097 4606
507 0.036231349 2.9773845750000003 13685
508 0.048988267 2.9870015189999997 304233
509 0.021879842 2.991883803 44
510 0.541472422 2.99129377 7431
511 0.013471673 2.9898661009999996 0
512 0.035468114999999995 2.992464519 18895
513 0.062404881 2.990554194 619721
514 0.5293058540000001 2.987950009 10939242
515 1.923180494 2.992384132 31279152
516 0.026029598 2.9893040070000003 99335
517 0.047730772 2.989706662 299672
518 0.019773225999999998 2.990534833 28466
519 0.030315633999999998 2.990368134 168371
520 2.597316448 2.9887478620000003 47822521
521 0.061099248 2.977736706 535787
522 0.656931872 2.9755880699999997 11773978
523 0.0608758 2.977927635 412629
524 0.034391665999999994 2.974890294 38542
525 0.014530772999999999 2.972066758 9
526 0.019717426 2.9715808050000003 12049
527 0.014529542999999999 2.972787669 46
528 0.023937799 2.972619657 6312
529 0.015526653 2.9725061779999997 24
531 0.018680578 2.97117845 3331
532 0.166822211 2.971886549 2043472
533 0.017633746 2.976148892 440
534 0.014525416 2.974031361 419
535 0.054941537 2.9734217519999997 547067
536 0.024949421 2.9730532039999997 58191
537 0.5291732410000001 2.97121323 8765836
538 0.058822595 2.972939977 679117
539 0.017627153 2.971604328 18635
540 5.464041381 2.972025464 90321703
541 0.062151017999999995 2.977033227 856148
542 0.017630939999999998 2.9760701430000003 6630
543 0.016584058000000002 2.974643173 353
544 0.016548897 2.975420937 1980
545 2.9454455079999997 2.974872758 55722209
546 0.021872423 2.976119877 35915
547 0.05895052 2.9755267119999997 439163
548 0.019724792 2.9734885060000003 16711
549 0.020856426 2.973845572 47444
550 0.047561162 2.972174085 402620
551 0.134746937 2.9712849419999996 1978576
552 0.18207384 2.9757600109999998 2500603
553 0.048733523 2.975339204 268452
554 0.062215301 2.974295095 406072
555 0.017631204 2.971027637 40268
556 0.168733148 2.970699749 2651800
557 4.4125059040000005 2.972083065 75238748
558 0.050132825 2.971961034 363518
559 0.015642557 2.976752549 126
560 0.023926278999999998 2.974311686 27850
561 0.084953196 2.972376944 1242624
562 0.063049843 2.9756665410000003 550791
563 0.022928454 2.974540797 70830
564 0.016577972 2.97456287 7318
565 0.126624596 2.972770369 2197996
566 0.035571468 2.974580849 82820
567 0.015528823 2.9756666529999998 223
568 0.028137131000000003 2.974929607 62734
569 0.47674847499999995 2.9777376660000003 9182055
570 0.522830678 2.972047769 10915035
571 0.018626859 2.974540659 490
572 0.022925758999999997 2.975695373 10331
573 0.820048424 2.975834856 10609468
574 0.030298377 2.974789682 75043
575 3.450337417 2.9731871549999997 58080849
577 0.021874469 2.9742261770000002 4349
578 0.02811971499999997 2.977987901 15293
579 0.037557516000000006 2.976612265 109733
580 0.055102747 2.976868154 586513
581 0.294032658 2.978223489 2334221
582 0.242944098 2.9727511800000004 4094002
583 0.022953859 2.978287391 50518
584 1.009957014 2.9754140839999996 17155132
585 0.31997561700000005 2.976603582 5920180
586 0.063344664 2.973023673 630275
587 0.026024486999999964 2.9768971150000003 26160
588 0.065050351 2.976675809 795778
589 0.153438496 2.97646577 2261878
590 0.034471787 2.975578718 199106
591 0.052883515 2.976783014 527700
592 0.027084331 2.976194614 125051
593 0.023934362 2.986513924 45892
594 0.015538098 2.9843126260000004 104
595 0.021873289 2.984135505 13303
596 0.019724494999999998 2.991789824 15015
597 0.116851555 2.9959482910000004 802694
598 0.03849857 2.9908112140000003 90422
599 0.015551881 2.993103994 1605
601 0.022918292 2.9901717999999997 45
602 0.6800478440000001 2.9920534959999996 10725156
603 0.028139103999999998 2.986802881 95401
604 0.035511326999999995 2.992063007 17215
605 0.321317192 2.9887244610000003 5916824
606 0.022960574 2.985476147 44
609 0.24999835699999998 2.4112287319999997 2980689
610 0.017617915 2.991704966 82052
611 0.015531135 2.990213607 4531
612 0.023962320999999998 2.9895822340000002 245925
613 0.023959391 2.985603011 188351
614 0.014524328999999999 2.9867924 0
616 0.015531799 2.9856247629999997 7272
617 0.040323532 2.996530385 581652
618 0.015553189 2.989431276 18192
619 0.015533360000000001 2.990639412 50091
620 0.015532449 2.987792786 4889
621 0.015493871 2.990751275 2
622 0.013600068 2.406302889 0
625 0.023955713 2.988334824 27850
626 0.478299745 2.9882054339999997 9182055
628 0.01452586 2.991651086 78
629 0.014566665000000001 2.989566171 29
630 0.014494242000000001 2.991239864 1
631 0.014393484 0.6116779080000001 228
632 0.012511244000000001 0.610490232 16
633 0.021899566999999998 0.611583225 31
634 0.017961776999999998 0.6103392099999999 61
635 0.021692109 0.610105436 30
637 0.01264624 0.538600789 8
638 0.012698545 0.536768842 4731
639 0.015371629999999999 0.48729587 140
640 0.061291617 0.535817397 22336
641 0.038822997000000005 0.536245823 781
642 0.060723265 0.535500855 17700
643 0.061975189 0.537522493 22335
644 0.061386774 0.537049517 17699
645 0.012510483 0.536674074 0
649 0.022344445 0.563770978 47609
651 0.030612544000000002 1.2866644449999998 211
652 0.365947988 2.93885897 642941
655 0.013471739 2.997853026 0
656 0.116542654 1.039118834 22291
657 0.11597978299999999 1.040229625 17474
658 0.11643407200000004 1.03800413 22291
659 0.116031318 1.03934816 17474
660 0.013583877000000001 1.312087736 1
