1 0.014540812 0.789461877 6
2 0.014606761000000001 0.570958125 20
4 0.023933839 2.976396299 16
5 0.023926164 2.9763871809999998 18
6 0.023925747 2.972627261 17
8 0.014567725 0.789015577 7
9 0.014564056 0.7882514450000001 6
10 0.020792326 2.974467483 42
11 0.686556281 2.39726844 37280216
12 0.014607133 0.791158334 6
13 0.013561463 0.79068554 6
14 0.014564224 0.7885528789999999 6
15 0.01456441 0.788731417 6
16 0.014535273 0.788076786 6
17 0.014543079 0.789160148 6
18 0.014564572 0.788665494 6
19 0.01456484 0.7895513590000001 6
20 0.014560555000000001 0.788492658 6
22 0.013553878 0.78834319 7
23 0.013538916 0.7892149350000001 5
24 0.01961835400000005 0.578223485 36
25 0.013552786 0.78895252 7
26 0.014566169 0.793792698 8
27 0.013583146 0.7899761799999999 4
28 0.013558718999999999 0.793067529 5
29 0.013553737 0.789031817 5
30 0.010416858 0.78956821 1
31 0.013563849 0.792241351 6
32 0.012514015 0.790772449 3
33 0.013569076 0.790312471 5
34 0.013563029 0.788460254 9
35 0.013562682000000001 0.7892504969999999 6
36 0.013561051 0.789393296 6
37 0.014565343000000001 0.789689991 6
38 0.046007135000000005 2.975119778 237
39 0.013559342 0.7886196310000001 5
40 0.013529244000000001 0.789353832 6
41 0.013578066000000001 0.7897044599999999 7
42 0.013577526 0.792209111 5
43 0.013558878 0.789784138 7
44 0.013556166 0.78843761 7
45 0.013524245999999998 0.789988562 7
46 0.013558241 0.788412844 7
47 0.013560723 0.789649265 7
48 0.014563903 0.791635255 7
49 0.013545254999999999 0.7891408839999999 4
50 0.013554202999999999 0.7899128270000001 4
51 0.013576458000000001 0.78852276 4
52 0.013557575999999998 0.788198684 4
53 0.013570847 0.789434416 4
54 0.013565711999999999 0.78987546 4
55 0.013558022999999999 0.789660708 4
56 0.013555889 0.78848998 4
57 0.013558335 0.788385581 4
59 0.020824228 2.9724172540000002 16
60 0.020825249 2.971535443 20
61 0.020822787000000013 2.9740864890000003 19
62 0.19526865100000002 0.536173199 302258
63 0.19466973699999998 0.534119152 302257
64 0.027077382 2.975636857 113
65 0.014565175 0.789611595 6
66 0.014585906000000001 0.788759031 6
67 8.454442243 1.046578213 172543
68 0.013524625 0.788734766 4
69 0.013558402 0.789054152 4
70 0.013576161 0.788953437 4
71 0.011456866 0.789803829 2
72 0.060948005 0.533334467 22336
73 0.015425022 0.5714799380000001 30
74 0.014531436 0.7892451580000001 7
75 0.014564496 0.789442698 6
76 0.014567532999999999 0.788122783 6
77 0.014563046 0.789438676 6
78 0.014563613999999999 0.7897503610000001 6
79 0.013587183999999999 0.7884610910000001 5
80 0.01352714 0.789679385 5
81 0.014489759 2.97202594 2
83 0.013556455 0.790896799 5
84 0.019773521000000002 2.97089413 22
85 0.014571754000000001 0.79038471 7
86 0.014561013000000001 0.789569644 7
87 0.013557003999999958 0.7882890379999999 5
88 0.013589145 0.788422555 5
89 0.014598251 0.7883844299999999 7
90 0.01355885 0.789257748 6
91 0.010409676 0.788867868 1
92 0.014487223 0.791043669 6
96 0.013556385 0.789150375 5
98 0.022888869 2.9746771400000003 115
99 0.013510138000000001 0.792007316 4
100 0.01625412 0.570302373 46
102 0.060618201000000003 0.5336589869999999 17700
103 0.013558183000000001 0.789484215 5
105 0.01621633 1.675822416 1
107 0.013557676999999999 0.7890182560000001 5
108 0.023970233 2.976591239 71
109 0.013553109 0.7891515060000001 5
110 0.012511348 0.789431695 3
111 0.014553116 0.790763782 6
112 0.013554301 0.788241778 5
113 0.013556565000000001 0.7890928460000001 5
114 0.010398708000000001 0.571672549 1
115 0.061879165 6.505218064 21549
117 0.010395774 0.5855115870000001 0
118 0.019774813999999998 3.03038727 14
122 0.010401109 0.5709898059999999 0
123 0.018690956999999998 2.9788934530000004 13
124 6.579977383999999 4.361633369 76388701
125 0.02989756 4.360949955 27850
126 0.720089454 4.363745545 9183151
127 0.061164211 4.357741957 527701
132 10.453524406 2.9739114300000002 60480400
134 0.013570246999999999 2.396266215 0
136 0.09069842600000001 1.413421942 1246249
137 0.10826320299999999 1.6781267949999998 1008687
138 0.020089854 1.676729647 79853
139 0.018354342999999995 1.335803928 24856
144 0.011444132 0.8810943569999999 1
145 0.016218317 1.676487351 5554
146 0.02439144 1.675844065 41592
148 0.026929554 1.958420165 18793
149 0.015209983 1.6584244410000002 43405
150 0.015542448 1.6586491200000002 50972
153 0.011327462 1.034544184 0
156 0.6691311729999999 2.971824429 11927180
157 0.127398429 2.9786121430000003 136607
158 0.020595951 1.3690006439999998 459
159 0.017251873 1.369336013 239
160 0.026611092 1.3694338449999999 10666
161 0.16507989 1.3696518389999999 471026
162 0.13180973999999998 1.369358351 284700
163 0.017306141 1.369689535 12107
164 0.015284841 1.369019965 20
165 0.015287426 1.369100037 9
166 0.019751488 1.370790048 1507
167 0.014477766999999999 1.36947762 3
168 0.522520026 1.3687986770000002 986775
169 0.542872103 1.36880412 2517306
170 0.116880954 1.367631819 195192
171 0.021922872 1.368375466 23347
172 0.015272601 1.369647358 46
173 0.016446172 1.369652335 2064
174 0.017261673999999998 1.368827009 4200
175 0.014493764999999999 1.3676042179999999 6
176 0.015240077 1.3706949050000001 19
177 0.013442977 1.3682369509999999 1
178 0.016463411 1.3692576429999999 5477
179 0.029900066 1.36836842 12922
180 0.015301472 1.371015753 7
189 0.047403598 2.971533066 99648
194 0.040737377 2.976279916 61755
195 0.498854768 3.827428895 9182983
198 0.018676203000000002 2.9724601699999997 13656
199 0.015559919 2.979654086 9107
200 0.998824352 2.976610118 6213934
201 0.013604528 2.399311874 0
202 0.013604555999999983 2.3995801 0
203 0.634077689 2.976992816 6207926
204 0.014321313 3.814444185 754
205 2.29145626 2.9745261060000003 9354941
206 0.137403505 2.976948813 519474
207 15.795156727 2.972855928 90668763
208 0.035845456 2.980202595 141
210 0.017089276 1.1146273400000002 1153
212 0.011199329 4.279918026 0
213 9.268586535 4.283506898 7144
214 0.24432577900000002 3.872939476 979618
217 0.149830253 0.579122809 2524828
218 0.04319082 0.8339727299999999 100654
219 0.022969765 0.8327284739999999 44946
220 0.20686857 0.834652659 666755
221 0.025692557 1.412159246 175856
223 0.02628276 1.412982255 120963
224 0.066369631 1.415175469 1044293
225 0.047026184 1.414704009 515234
226 0.042994302000000005 1.411981628 346494
227 0.021969327 1.417093303 110668
228 0.090712823 1.414351904 1246249
229 0.041347694000000004 1.4125812930000001 330263
230 0.016212958 1.4131091400000002 10634
231 0.086789083 1.414249646 707921
232 0.011301259 1.412625437 0
233 0.023234652999999997 1.4113598330000001 137062
234 0.021299181 1.412742701 210707
235 0.014567554 0.790484855 10651
236 0.013560798 0.7893322580000001 1583
237 0.013549623 0.788569899 2137
238 0.012542506 0.7896090450000001 903
239 0.012510674000000001 0.787953655 1174
240 0.016820945 0.788805747 23043
241 0.016802554 0.789710793 38974
242 0.02271833600000001 0.788543503 57427
243 0.024061661 0.789295669 129623
244 0.013559594 0.788433897 3079
245 0.013557088 0.788344338 2692
246 0.029041072 0.789453285 163913
247 0.022747176 0.790440488 63946
248 0.01640898 0.788853052 31198
249 0.070629553 0.789716674 470510
250 0.08274420299999999 0.7898563869999999 698052
251 0.015610482 0.7893087639999999 6971
252 0.012508548000000001 0.789676253 267
253 0.074656453 0.790941625 781475
254 0.016830238 0.789171817 40411
255 0.015612406 0.7887379080000001 16737
256 0.042081318 0.789896924 255719
257 0.06925118 0.790041154 509196
258 0.011457058 0.788242569 328
259 0.048267610999999995 0.790350391 223250
260 0.019281060000000003 0.788332962 57782
261 0.012508123999999999 0.7885353540000001 853
262 0.012507714 0.789122537 791
263 0.014570227000000002 0.7882999860000001 5457
264 0.016824723000000003 0.788964718 17017
265 0.039990266999999996 0.789062843 261362
266 0.101267122 0.7905759910000001 986547
267 0.013591688 0.789004869 1983
268 0.011461843999999999 0.790535667 42
269 0.013534535 0.789696848 1827
270 0.012515733 0.790404358 415
271 0.01355588 0.788747135 861
272 0.01356008 0.79106402 570
273 0.016473522 0.7881214350000001 14544
274 0.016408642 0.788819868 5924
275 0.07569155100000001 0.789073703 349595
276 0.027611997 0.788797131 105025
277 0.015614194999999999 0.789783714 6131
278 0.015614428 0.790133885 10685
279 0.013581165000000001 0.789136174 3665
280 0.012490435 0.788777267 1514
281 0.015609699000000001 0.788396586 8841
282 0.0168167 0.789190694 17465
283 0.014611141 0.7890977859999999 4895
284 0.012499799999999998 0.790223657 134
285 0.016787982 0.789734321 9210
286 0.01637975 0.788733462 21463
287 0.013557807 0.789081056 2356
288 0.016429176 0.789390209 23956
289 0.013536708 0.789830791 3353
290 0.010396731 0.790334943 1
291 0.021885459 0.7896934569999999 57426
292 0.014578686 0.789182349 6660
293 0.014565923000000001 0.788301983 7348
294 0.013557442 0.789807446 3078
295 0.017694845 0.788729187 31197
296 0.083583538 0.792408511 470509
297 0.012505066 0.78888052 1783
298 0.014563262 0.789210781 12106
299 0.01561537 0.7887594880000001 8277
300 0.026263719 0.789381258 89382
301 0.016438080999999997 0.789480946 12385
302 0.024917395000000002 0.7902064739999999 122621
303 0.012539867 0.7885853370000001 1591
304 0.046736444 0.788758416 256853
305 0.016441201000000003 0.788588475 23955
306 0.02497226 0.789053741 49734
307 0.010410945999999999 0.7890317410000001 0
309 0.024045544999999998 0.790515244 42300
310 0.026218511 0.789677411 89382
311 0.087174498 0.78870944 781474
312 0.021910616 0.788826486 57781
313 0.08510047800000001 0.7887833959999999 260595
314 0.234954892 1.676413983 291589
315 0.115599069 3.199042571 246825
316 0.012472351000000001 0.789988973 2680
317 0.012354894 1.676927732 1
318 0.032031027999999996 1.349062878 8135
322 0.012400558999999998 0.505413353 0
323 0.012369271000000001 1.110661349 128
324 0.013416125 1.112239164 959
325 0.12600689 0.577600483 1170095
326 0.013548052 0.578375363 107
327 0.014090888999999999 0.579071916 316
328 0.01354655 0.578011861 1051
329 0.013550828 0.57863698 383
330 0.013568233 0.577200428 116
331 0.014134556000000001 0.5794009499999999 997
332 0.01354834 0.5795299639999999 206
333 0.013542113 0.5774778319999999 96
334 0.049019375999999996 0.57677861 329816
335 0.013545735 0.577690942 1142
336 0.013544852000000001 0.577852055 409
337 0.013549769 0.5779573170000001 268
338 0.341342364 0.5779933100000001 2004929
339 0.096123614 0.5783268319999999 843968
340 0.013547524 0.578623106 235
341 0.010398095999999999 0.5783379099999999 1
342 0.024275717000000002 0.578290102 26206
343 0.017149273 0.577774525 13517
344 0.015481848 0.5777272569999999 3182
345 0.025701971 0.5778149490000001 28872
346 0.11365027899999999 0.57802997 843967
347 0.011317931 1.1661384110000002 0
348 0.012497138999999999 0.5773231 75
350 0.130931767 0.878785383 996950
351 0.234288278 0.878370992 966899
352 0.011432398 0.8794696700000001 1
353 0.08702712600000001 0.8803788499999999 903514
354 0.222265712 0.879612571 966899
356 0.167163958 3.280685644 12360733
357 0.082687082 1.4274432689999998 1697681
358 0.012337711999999999 1.4257515570000001 1
359 0.021090315999999998 1.079752341 192
360 0.028229143 1.410151601 10047
361 0.035320312 1.4083550009999999 14707
362 0.019715714 1.4076221839999998 1704
365 0.012614713 0.542997936 53
367 0.014109214 0.5711379129999999 601
368 0.019663772 0.573134577 5856
369 0.078796656 0.5711352510000001 290937
370 0.017931594000000002 0.570114384 4086
371 0.020991182 0.569764128 30030
372 0.013545558999999999 0.570557485 239
373 0.02944689 0.5712856 109029
374 0.017932461 0.5716424379999999 789
375 0.014118041999999999 0.571808006 269
376 0.01542218 0.571403462 900
377 0.012497943 0.571672926 13
378 0.011449668 0.570905819 59
379 0.013547218000000001 0.5710425600000001 289
380 0.123935279 0.5703849440000001 1088152
381 0.014606023999999999 0.569858075 311
382 0.014165136 0.571044079 891
383 0.013544936 0.5712114 57
384 0.014140847 0.5717388569999999 537
385 0.0146165 0.57172419 1006
386 0.014601669 0.571097681 390
387 0.023094552 0.5718473000000001 24859
388 0.036241194000000004 0.571589815 75470
389 0.017933551 0.57131749 3848
390 0.014096064 0.570516527 146
391 0.017939240000000002 0.5718817199999999 3835
392 0.520906327 0.5715518829999999 2498646
393 0.013546366 0.571293061 127
394 0.025271527 0.5711131899999999 122137
395 0.28614140300000007 0.570769989 1363411
396 0.013544454 0.570678282 179
397 0.017148886 0.5707702320000001 5942
398 0.016257204 0.5712717820000001 3168
399 0.020582906999999998 0.5704796400000001 28849
400 0.018842479999999998 0.57221807 8201
401 0.014173606 0.571670028 439
402 0.013546492 0.5705105800000001 27
403 0.019693514 0.570581634 11601
404 0.016255781 0.5709518140000001 2386
405 0.010398566000000001 0.572062642 1
406 0.010395630999999999 0.5709582169999999 1
407 0.016227889 0.572952223 783
408 0.36648354099999997 0.5718626069999999 1085122
409 0.025515066 0.572055187 61698
410 0.019702038 0.570690863 24629
411 0.632006846 0.570674576 2498645
412 0.01628591 0.570503661 1973
413 0.34535585199999996 0.570932682 1363410
414 0.015438063 0.571644466 693
415 0.020569201000000002 0.572346875 28848
416 0.163471255 0.5705579860000001 1111408
417 0.016274044 0.5706278220000001 2938
418 0.014176370999999998 0.571295364 644
419 0.010392902 0.5710797519999999 0
420 0.010400652 0.5709254220000001 0
421 0.110937408 0.5712110690000001 877571
422 0.014523020000000001 2.97760662 1
423 0.012502804 0.653556218 26817
424 0.22144557699999998 1.543143593 78689
425 0.01236959 1.236593238 38715
426 0.020898247 2.398076437 24598
427 0.058636152999999996 2.399984965 343827
428 0.233008043 2.397387898 2980690
429 0.012604573 2.395802401 1
430 0.015667579 2.394950515 6997
432 0.053257752 2.3966175499999998 148521
433 0.013603868 2.40262561 121
434 0.016708498 2.401778269 10807
435 0.030395421 2.397042531 40612
436 0.02406094 2.396633595 13698
437 0.018806165 2.3947818130000003 14188
438 0.01775645 2.397631641 15692
439 0.189037432 2.3988919390000003 1357292
440 0.025097564 2.3979911400000002 40274
441 0.016703434 2.398339029 9132
442 0.013592426999999999 2.3972740580000003 33
443 2.453211882 2.397665776 9181545
444 0.014623013 2.396621736 224
445 0.037864131999999995 2.398259678 148635
447 0.013600827 2.397830385 2
448 0.07279510400000001 2.3966402089999996 190623
449 0.075580889 2.3975313650000003 595733
453 0.051237419 2.972336017 471980
454 0.036876879 2.972782255 187488
455 0.018661857 2.9772585410000003 623
456 0.019722312000000002 2.975885777 6603
457 0.021911922 2.976801452 54309
458 0.28828561700000005 2.9791898220000004 2312241
459 0.063381638 2.971700688 907443
460 0.028099653999999998 2.973878037 58404
461 0.058529441 2.975196844 323338
462 0.044838732000000006 2.977472262 114246
463 0.070033098 2.974337067 332244
464 0.666614419 2.969269389 10728036
465 0.031312107 2.974549199 250
466 0.020783569 2.975896508 3172
467 0.022915181 2.974745375 40641
468 0.023931194 2.9760112829999996 75658
469 0.01868205 2.9753746490000004 25297
470 0.093097311 2.977358824 372911
471 0.016586817 2.971127134 19764
472 2.072065329 2.971450486 37325506
473 0.058902139000000006 2.973757774 412629
474 0.015531486999999998 2.976918109 4
475 0.082073443 2.9720265780000004 1389450
476 0.017631205 2.971373589 3849
477 0.078769475 2.971859609 720660
478 0.017620226 2.9809340890000002 7072
479 0.035518903 2.977569969 196991
480 0.09808580299999996 2.988062727 1407164
482 0.017602579 2.972546133 15674
483 0.14395633600000002 2.977321885 2482606
484 0.014498776 2.971192016 34
485 0.021874003 2.972467457 14950
486 0.16825870499999998 2.970454476 3223122
487 0.094334935 2.972316983 1002697
488 0.235899608 2.9729675610000004 2806245
489 0.023969838 2.975698777 46544
490 0.049839714 2.977729749 298949
491 1.124965186 2.976630736 20625442
492 0.021869347 2.971514554 21673
493 0.018693947 2.976885123 15654
495 0.02395592 2.977200386 5007
496 0.017628984 2.976466362 10669
497 0.015530438 2.975632355 503
498 0.019724876 2.976618912 0
499 0.017622765999999998 2.9758692740000003 1217
500 0.042876830000000005 2.9811858879999997 217394
501 0.01762711 2.97313404 9804
502 2.1380150300000005 2.973309228 38410384
503 0.030283952000000003 2.9737582209999998 120157
504 0.022937745 2.9751478700000002 67395
505 0.020823826 2.974843379 1
506 0.015568532 2.975039063 4606
507 0.036447623 2.97393462 13685
508 0.048695078 2.9719741519999996 304233
509 0.021876280999999997 2.972069669 44
510 0.540799958 2.971479518 7431
511 0.013443985 2.977269878 0
512 0.035505699 2.974087034 18895
513 0.061826114 2.97184237 619721
514 0.5353521869999999 2.9723690350000003 10939242
515 1.9372140039999999 2.974819935 31279152
516 0.026029133000000003 2.976388989 99335
517 0.045524534 2.978206944 299672
518 0.019733795999999998 2.976836393 28466
519 0.030317786 2.975572256 168371
520 2.617856264 2.975044328 47822521
521 0.061045985999999997 2.972790615 535787
522 0.659815319 2.975063688 11773978
523 0.060280903 2.9761328739999997 412629
524 0.034394172 2.976845549 38542
525 0.01452476 2.974880448 9
526 0.019732235 2.973410849 12049
527 0.014492350000000001 2.973138403 46
528 0.023927017 2.971481969 6312
529 0.015400679 2.9750434589999997 24
531 0.017632366000000003 2.971295742 3331
532 0.16606772 2.973083434 2043472
533 0.017624516 2.9708494130000003 440
534 0.014523992 2.972972124 419
535 0.054688937 2.971162828 547067
536 0.024974557 2.970978751 58191
537 0.5280058389999999 2.972046696 8765836
538 0.058445661999999995 2.974514406 679117
539 0.018694631 2.970616368 18635
540 5.439118102 2.971064955 90321703
541 0.062217057999999964 2.973789911 856148
542 0.017625254 2.975871363 6630
543 0.016572203 2.976353651 353
544 0.016580380000000002 2.9774508859999997 1980
545 2.932998785 2.989363069 55722209
546 0.021873312999999967 2.985048181 35915
547 0.059031187 2.985250477 439163
548 0.01969908 2.98037253 16711
549 0.02082642 2.981734391 47444
550 0.047426827 2.9804115610000004 402620
551 0.137569205 2.9810516910000002 1978576
552 0.181794391 2.983113994 2500603
553 0.047786415 2.98350318 268452
554 0.062095909 2.981199468 406072
555 0.017620438999999998 2.985529634 40268
556 0.169957381 2.982655016 2651800
557 4.409542316 2.984578066 75238748
558 0.052591036 2.984205119 363518
559 0.015528638999999999 2.9832900060000003 126
560 0.023938288000000002 2.9836393560000003 27850
561 0.083261723 2.983200009 1242624
562 0.06398292 2.983004715 550791
563 0.022927385999999998 2.984656413 70830
564 0.016581270000000002 2.9825365159999997 7318
565 0.126181801 2.980869201 2197996
566 0.03554575 2.9825261120000004 82820
567 0.015497557 2.9847846660000004 223
568 0.028180024 2.983387616 62734
569 0.47725875 2.983268659 9182055
570 0.528571294 2.982894624 10915035
571 0.018678905 2.981563525 490
572 0.022877783999999998 2.9829951749999997 10331
573 0.820345057 2.979407991 10609468
574 0.030304532 2.979178721 75043
575 3.4801916609999997 2.979176 58080849
577 0.021878707999999983 2.9841573880000003 4349
578 0.028131740000000002 2.9841008700000002 15293
579 0.036506188 2.981715924 109733
580 0.054251649 2.9803187629999996 586513
581 0.297850384 2.984430037 2334221
582 0.242785447 2.982823635 4094002
583 0.022924515 2.979680794 50518
584 1.014013705 2.9812721129999997 17155132
585 0.32210345200000007 2.979692129 5920180
586 0.0635583 2.983989301 630275
587 0.026026365000000003 2.9800458450000002 26160
588 0.063357214 2.9786351 795778
589 0.154838946 2.9868334229999998 2261878
590 0.034475879 2.9829936349999997 199106
591 0.054489881999999996 2.9828233330000002 527700
592 0.027082008 2.985509101 125051
593 0.023923535 2.9822562820000003 45892
594 0.015493907999999999 2.98124609 104
595 0.021883831 2.9813952489999997 13303
596 0.019726650000000002 2.979569075 15015
597 0.117710307 2.983702123 802694
598 0.039297552000000006 2.9816357969999996 90422
599 0.015499199 2.979400067 1605
601 0.022925512 2.979520904 45
602 0.6808259790000001 2.982190688 10725156
603 0.028141447 2.985110492 95401
604 0.034428851999999996 2.9823442769999997 17215
605 0.31886020899999995 2.980220986 5916824
606 0.022922525000000003 2.987150721 44
609 0.248473486 2.404168052 2980689
610 0.017634786 2.978623184 82052
611 0.015540953 2.978932886 4531
612 0.023960348000000003 2.982363137 245925
613 0.023944925 2.9792910729999997 188351
614 0.014517242 2.982931994 0
616 0.015566875 2.983794424 7272
617 0.040921501 2.98544761 581652
618 0.015527905 2.9825030499999996 18192
619 0.015527685999999999 2.9835670729999997 50091
620 0.015529841 2.9807909730000004 4889
621 0.015507895 2.983289575 2
622 0.013570241 2.401856645 0
625 0.023894747 2.980742025 27850
626 0.471520304 2.98118435 9182055
628 0.014520216 2.9835678220000004 78
629 0.014532254000000001 2.9850288700000003 29
630 0.014567165000000002 2.9830382230000003 1
631 0.01441711 0.60990434 228
632 0.012495766 0.608628892 16
633 0.021637656999999998 0.607989747 31
634 0.017990727999999997 0.609301172 61
635 0.021758785 0.607917476 30
637 0.012619029 0.536836333 8
638 0.012696492 0.535824996 4731
639 0.015301566 0.485641097 140
640 0.060937884 0.535700911 22336
641 0.038826015 0.5347806709999999 781
642 0.060398826 0.535083146 17700
643 0.061914574 0.5353752909999999 22335
644 0.061234169000000005 0.534813988 17699
645 0.01251228 0.53563803 0
649 0.022274942 0.563438917 47609
651 0.030586465 1.28174626 211
652 0.363225839 2.9281304169999998 642941
655 0.013483215 2.989794015 0
656 0.11609346899999999 1.035351828 22291
657 0.115531697 1.03870729 17474
658 0.116200337 1.03490913 22291
659 0.11531564099999994 1.034816812 17474
660 0.013586742 1.310305692 1
