1 0.014540066 0.791835541 6
2 0.014619436 0.573347185 20
4 0.02394554 2.990064748 16
5 0.023977027999999997 2.990553082 18
6 0.023964615 2.9926049139999997 17
8 0.014555191 0.791796571 7
9 0.014561010000000001 0.793062225 6
10 0.020819056 2.991977989 42
11 0.687186507 2.407555807 37280216
12 0.013525832 0.793489032 6
13 0.013593495 0.792637096 6
14 0.014560708 0.7911893950000001 6
15 0.014556629000000001 0.7920802680000001 6
16 0.014575941 0.792819263 6
17 0.014510189 0.79296609 6
18 0.01456258 0.793523107 6
19 0.014563676 0.7921642839999999 6
20 0.014563699000000001 0.792280898 6
22 0.013558296000000001 0.7929031559999999 7
23 0.013558658999999999 0.7922026400000001 5
24 0.0204797 0.580834854 36
25 0.013550771000000001 0.793205385 7
26 0.014560964 0.791870838 8
27 0.013571084999999998 0.79363484 4
28 0.013558495 0.7924372190000001 5
29 0.013555989 0.79317854 5
30 0.010405267 0.793257313 1
31 0.013556665 0.792188694 6
32 0.012509300999999999 0.792149192 3
33 0.013541884 0.792272531 5
34 0.013558651 0.791651271 9
35 0.013557262 0.7922432269999999 6
36 0.013558716 0.796146337 6
37 0.014564978999999999 0.7944752979999999 6
38 0.046452536999999995 2.9872839 237
39 0.014571281 0.792027815 5
40 0.013566478 0.792727935 6
41 0.013591398999999999 0.793194074 7
42 0.013553562 0.792478827 5
43 0.013555831 0.7928047859999999 7
44 0.013587093000000001 0.793165511 7
45 0.01460633 0.7924243719999999 7
46 0.013557433 0.7931865579999999 7
47 0.013557389999999999 0.792110769 7
48 0.014530372 0.793413508 7
49 0.013560685 0.7927110629999999 4
50 0.013555813 0.791652235 4
51 0.013557971 0.791886809 4
52 0.013558393 0.7936472090000001 4
53 0.013557389999999999 0.7921588100000001 4
54 0.013559661 0.792646247 4
55 0.013553006999999999 0.7925186240000001 4
56 0.013556407 0.79176175 4
57 0.013557331 0.792169574 4
59 0.020823135 2.990932675 16
60 0.020848049 2.988535513 20
61 0.020824861 2.9859557459999997 19
62 0.19456484500000001 0.536096903 302258
63 0.19618786600000002 0.535645956 302257
64 0.027069075 2.9917908730000002 113
65 0.014563003000000001 0.7914575260000001 6
66 0.014562607 0.792327022 6
67 8.454173439 1.052971168 172543
68 0.013538368 0.793320546 4
69 0.013555938 0.792083992 4
70 0.013527203 0.7953307199999999 4
71 0.011465148999999999 0.792719294 2
72 0.0610413 0.535946856 22336
73 0.015445807 0.57389949 30
74 0.014563459 0.792310634 7
75 0.014595735 0.792859946 6
76 0.014563582 0.793190189 6
77 0.014495117 0.792003954 6
78 0.014565127 0.793291923 6
79 0.013557297000000001 0.792471457 5
80 0.014614377 0.792709101 5
81 0.014517766999999999 2.991656784 2
83 0.013551703 0.791830076 5
84 0.019692353 2.993272974 22
85 0.014562029 0.7923664399999999 7
86 0.014526908 0.794334063 7
87 0.013558480999999999 0.791467724 5
88 0.013557708 0.7926895239999999 5
89 0.014559094 0.7924347310000001 7
90 0.013555528 0.792187498 6
91 0.010406183999999999 0.792392137 1
92 0.014544698 0.7913068120000001 6
96 0.013526089 0.7928841609999999 5
98 0.022921488 2.989811682 115
99 0.013555073 0.792205314 4
100 0.016263629 0.5737369259999999 46
102 0.060835974 0.535720309 17700
103 0.014607334999999963 0.791442037 5
105 0.016284566 1.683590894 1
107 0.013554949 0.7923633200000001 5
108 0.023921697 2.984820997 71
109 0.013556705 0.792778988 5
110 0.012507915999999999 0.792190344 3
111 0.014564549000000001 0.792793522 6
112 0.013592147 0.792736807 5
113 0.013557495999999999 0.791895978 5
114 0.010397864 0.5742986929999999 1
115 0.062098196 6.530423991999999 21549
117 0.010396665999999999 0.5745905570000001 0
118 0.0197718 2.988476516 14
122 0.01039422 0.5737070260000001 0
123 0.018705816 2.990554958 13
124 6.565072579 4.379015848 76388701
125 0.029859263 4.381848148 27850
126 0.7140520570000001 4.383445246999999 9183151
127 0.062215835 4.388958348 527701
132 10.375033388 2.991461966 60480400
134 0.013599021000000001 2.409412735 0
136 0.09066274099999999 1.4214571269999998 1246249
137 0.108309008 1.6830557620000002 1008687
138 0.020058214 1.6854044 79853
139 0.018341721000000002 1.344972203 24856
144 0.011429897000000001 0.883414414 1
145 0.016194897 1.683451289 5554
146 0.0243879 1.68432871 41592
148 0.027090759 1.965065209 18793
149 0.015564656000000001 1.666284619 43405
150 0.015509003 1.6686727639999999 50972
153 0.011314116 1.037298437 0
156 0.672149878 2.993507144 11927180
157 0.126860258 2.987741496 136607
158 0.020577085999999998 1.37592053 459
159 0.017249423 1.373692031 239
160 0.02643393 1.377225603 10666
161 0.166370255 1.3753899109999999 471026
162 0.131667486 1.373803595 284700
163 0.017253276999999997 1.376930165 12107
164 0.015093005 1.374563477 20
165 0.015152303 1.374424629 9
166 0.019705371 1.374243617 1507
167 0.014485592 1.374187004 3
168 0.516811235 1.376075935 986775
169 0.542538099 1.374896168 2517306
170 0.116947694 1.375713924 195192
171 0.021811926 1.3764291659999999 23347
172 0.015189933999999999 1.3752578530000001 46
173 0.016370718 1.373331723 2064
174 0.017191306 1.375806535 4200
175 0.015243126000000001 1.37578261 6
176 0.015128526 1.3751646030000002 19
177 0.013443656 1.3758714449999998 1
178 0.016453837 1.375999543 5477
179 0.030057579 1.3746958599999999 12922
180 0.015177857 1.3742728659999999 7
189 0.048561065 2.9924915189999997 99648
194 0.040047577 2.991235691 61755
195 0.495928799 3.834351834 9182983
198 0.018671431000000002 2.992205843 13656
199 0.015536581 2.987249202 9107
200 0.995190693 2.9877078900000003 6213934
201 0.013592255999999999 2.406506044 0
202 0.013603656 2.410333616 0
203 0.632805886 2.989300787 6207926
204 0.014317327999999999 3.834989026 754
205 2.278447636 2.9890015869999997 9354941
206 0.137342806 2.986779147 519474
207 15.73245383 2.9902644360000004 90668763
208 0.035955188 2.975692677 141
210 0.017013529 1.1124625989999999 1153
212 0.011166971999999999 4.28256128 0
213 9.267750469000001 4.289292821 7144
214 0.246931329 3.874470569 979618
217 0.15051741500000002 0.5796969380000001 2524828
218 0.043206222999999995 0.834166521 100654
219 0.023011536 0.833053008 44946
220 0.207827017 0.833129546 666755
221 0.025579618999999998 1.4127126669999999 175856
223 0.02568758 1.416521798 120963
224 0.066443878 1.413578686 1044293
225 0.046948877 1.413008523 515234
226 0.042944131999999996 1.4127849909999999 346494
227 0.021747464 1.413958972 110668
228 0.090672981 1.411544744 1246249
229 0.041344249000000007 1.413288903 330263
230 0.016231161 1.4163361140000001 10634
231 0.086862472 1.414389592 707921
232 0.011271718 1.413075857 0
233 0.023286375 1.4133384599999999 137062
234 0.021270241999999998 1.412819554 210707
235 0.014565218000000001 0.787995119 10651
236 0.013556834 0.788959342 1583
237 0.013556397999999999 0.788184116 2137
238 0.012512261 0.7894395559999999 903
239 0.012523558 0.788470534 1174
240 0.016819332 0.789217304 23043
241 0.016828343 0.7885304059999999 38974
242 0.022752571 0.788517584 57427
243 0.024048632 0.788890629 129623
244 0.013560237999999999 0.79005789 3079
245 0.013559385 0.790196563 2692
246 0.029001580000000002 0.788949333 163913
247 0.022729024 0.789150927 63946
248 0.016838957999999998 0.7890782660000001 31198
249 0.070776037 0.787582041 470510
250 0.082673308 0.791163897 698052
251 0.015609704 0.788677389 6971
252 0.012505439 0.788926243 267
253 0.074676753 0.788060382 781475
254 0.016820748 0.788692736 40411
255 0.01557575 0.789468791 16737
256 0.042089097 0.7900539790000001 255719
257 0.069127555 0.792817088 509196
258 0.011460321 0.789052819 328
259 0.04818332 0.7877282090000001 223250
260 0.019276986 0.788764882 57782
261 0.012492494 0.788043561 853
262 0.012514230999999999 0.7897731410000001 791
263 0.014563868 0.7906268049999999 5457
264 0.016436754 0.788238004 17017
265 0.039899183 0.789175838 261362
266 0.101293992 0.7891358390000001 986547
267 0.013561826999999999 0.7883200989999999 1983
268 0.011459604 0.7897400019999999 42
269 0.013558156 0.788973395 1827
270 0.012491695 0.789029643 415
271 0.013559601000000001 0.7881991650000001 861
272 0.013554828 0.7892738079999999 570
273 0.016441871 0.788715417 14544
274 0.016472299 0.789052211 5924
275 0.075700429 0.7891322199999999 349595
276 0.027681184 0.7888696629999999 105025
277 0.015608174999999998 0.7883248319999999 6131
278 0.015612528 0.788465897 10685
279 0.013557118 0.788655911 3665
280 0.012545381 0.7905684390000001 1514
281 0.015612718000000001 0.7904371330000001 8841
282 0.016822028 0.789359939 17465
283 0.014605738 0.7877082369999999 4895
284 0.012526231 0.789027549 134
285 0.016827011 0.788872887 9210
286 0.016317832 0.7891756750000001 21463
287 0.012478807000000001 0.7913245400000001 2356
288 0.01643816 0.7880144720000001 23956
289 0.013559938 0.7886515530000001 3353
290 0.010409227 0.788658007 1
291 0.021882777 0.788682895 57426
292 0.014610861000000001 0.789220287 6660
293 0.015638356 0.789751997 7348
294 0.013554854 0.788746466 3078
295 0.017641207 0.787908698 31197
296 0.083548106 0.787815308 470509
297 0.012508494 0.789501545 1783
298 0.014571953 0.7893999540000001 12106
299 0.015614478999999999 0.790542979 8277
300 0.026252407 0.788970046 89382
301 0.016428748 0.7888675500000001 12385
302 0.024909128999999957 0.788138872 122621
303 0.012531404000000001 0.7887985529999999 1591
304 0.046778353 0.788440771 256853
305 0.016415884999999998 0.789794684 23955
306 0.024799706999999997 0.788567942 49734
307 0.010413978999999999 0.789022627 0
309 0.024062482 0.788420285 42300
310 0.02627743 0.790165172 89382
311 0.087160314 0.787886741 781474
312 0.021903423999999998 0.789710679 57781
313 0.085057943 0.7890171539999999 260595
314 0.231162012 1.674197827 291589
315 0.118201441 3.2011479300000003 246825
316 0.012491402 0.788025159 2680
317 0.012382171 1.6759409939999999 1
318 0.032104009999999995 1.3468630490000002 8135
322 0.01246689 0.505738958 0
323 0.012365429 1.109122687 128
324 0.013406757 1.110858401 959
325 0.125937689 0.577544426 1170095
326 0.013573065 0.5781865150000001 107
327 0.014194111999999998 0.57914151 316
328 0.013549366 0.578278298 1051
329 0.01356882 0.5782857590000001 383
330 0.013576348 0.577633576 116
331 0.014199965 0.576941124 997
332 0.013543700999999998 0.577772863 206
333 0.013549554 0.577425089 96
334 0.048969462 0.576490677 329816
335 0.013542915999999999 0.577913929 1142
336 0.013545018 0.580405382 409
337 0.013545049000000002 0.57790173 268
338 0.340991169 0.577753093 2004929
339 0.09613382399999999 0.577312324 843968
340 0.013549591 0.5776533300000001 235
341 0.010395295 0.5795445819999999 1
342 0.024291064999999997 0.577267234 26206
343 0.017155942 0.579063981 13517
344 0.015453378 0.579360499 3182
345 0.025701784 0.5781603049999999 28872
346 0.113804905 0.577655557 843967
347 0.011283165000000001 1.163096834 0
348 0.012496589 0.5777146700000001 75
350 0.13017299000000002 0.878276856 996950
351 0.23657213300000002 0.881809719 966899
352 0.011393288 0.879481223 1
353 0.08705114500000001 0.878370832 903514
354 0.22401058999999995 0.8783807020000001 966899
356 0.165841814 3.2840970400000002 12360733
357 0.08264966299999994 1.4253915449999999 1697681
358 0.012355788000000001 1.4257816429999999 1
359 0.020944487 1.079829294 192
360 0.028223289000000002 1.409533747 10047
361 0.035338985999999996 1.407868012 14707
362 0.019770078 1.410334096 1704
365 0.012758403 0.542304831 53
367 0.01423632 0.570928027 601
368 0.020564816 0.5710256920000001 5856
369 0.07886552499999999 0.571107016 290937
370 0.017947504 0.57366348 4086
371 0.021111165 0.5720118240000001 30030
372 0.013560897 0.573130635 239
373 0.029411462 0.578316707 109029
374 0.017950865 0.570333633 789
375 0.0141809 0.574198907 269
376 0.015446040999999999 0.571302157 900
377 0.012527156000000001 0.5702870649999999 13
378 0.011447994000000001 0.5704655799999999 59
379 0.013560819 0.570638565 289
380 0.12413941700000002 0.5709037290000001 1088152
381 0.014610253 0.572802088 311
382 0.014211546 0.571918818 891
383 0.013556234 0.570521275 57
384 0.014157705 0.570564996 537
385 0.01460949 0.5702777490000001 1006
386 0.014617849 0.570043438 390
387 0.02315289 0.571291639 24859
388 0.036182973 0.570518626 75470
389 0.017958283 0.5713358159999999 3848
390 0.014201505 0.5721844229999999 146
391 0.01797757 0.570204755 3835
392 0.5212486599999999 0.5717135600000001 2498646
393 0.013518038000000001 0.571095121 127
394 0.025393113000000002 0.570671155 122137
395 0.289067311 0.571437229 1363411
396 0.013554484 0.571176281 179
397 0.017213034 0.571357032 5942
398 0.016285604999999998 0.5707887509999999 3168
399 0.020588996 0.570806654 28849
400 0.018858101 0.570766958 8201
401 0.014161564 0.571555953 439
402 0.013556285 0.5713079769999999 27
403 0.019716026999999997 0.5696407139999999 11601
404 0.017103051 0.571175507 2386
405 0.010411698 0.57292325 1
406 0.010402537 0.5701628980000001 1
407 0.01628407 0.570680716 783
408 0.36861261900000003 0.571280392 1085122
409 0.025501009999999998 0.5711052369999999 61698
410 0.019720674 0.5716950179999999 24629
411 0.635573087 0.570327241 2498645
412 0.016289755 0.571620194 1973
413 0.34744095199999997 0.573138733 1363410
414 0.015469046 0.570710093 693
415 0.02057843000000005 0.5705609309999999 28848
416 0.16165720800000002 0.570393579 1111408
417 0.016268081 0.570381279 2938
418 0.014229748 0.570458206 644
419 0.01039849 0.57182262 0
420 0.010401522000000002 0.572002604 0
421 0.110881525 0.570630469 877571
422 0.014524727999999999 2.972519591 1
423 0.012486856 0.655225887 26817
424 0.220066144 1.5452786459999999 78689
425 0.012341083000000001 1.232691243 38715
426 0.020958231 2.397667136 24598
427 0.057903166 2.393538517 343827
428 0.23485059999999996 2.3973861060000003 2980690
429 0.012509214 2.399048659 1
430 0.015661889999999998 2.4014041770000003 6997
432 0.052788383 2.397249506 148521
433 0.01360956 2.394973162 121
434 0.016704534 2.393429775 10807
435 0.031448895 2.4018316299999998 40612
436 0.024094742 2.399603808 13698
437 0.018827526 2.3988401120000002 14188
438 0.017755508000000003 2.398247675 15692
439 0.185353349 2.396444026 1357292
440 0.025101673999999997 2.398085515 40274
441 0.016715419999999998 2.396746799 9132
442 0.013604687 2.394556557 33
443 2.4403202029999997 2.3970170499999996 9181545
444 0.014685691999999998 2.403325448 224
445 0.037683028 2.401026254 148635
447 0.01359898 2.3984209180000002 2
448 0.071673159 2.400343978 190623
449 0.078949565 2.397988955 595733
453 0.050798955 2.97749504 471980
454 0.036153812 2.973752793 187488
455 0.018653062 2.9738116320000003 623
456 0.019777214 2.973788447 6603
457 0.021876491 2.972518302 54309
458 0.28635835900000006 2.970651056 2312241
459 0.065570171 2.977188973 907443
460 0.028127825000000002 2.972648024 58404
461 0.055473096 2.976468392 323338
462 0.044918715 2.972433918 114246
463 0.072390451 2.973918551 332244
464 0.671969716 2.977372623 10728036
465 0.030238665 2.972223869 250
466 0.020826650000000002 2.971891732 3172
467 0.021876932 2.9721619059999997 40641
468 0.023940268 2.969410698 75658
469 0.018681684 2.9717444619999998 25297
470 0.093404621 2.9714596650000002 372911
471 0.016580805 2.978555312 19764
472 2.072625978 2.976985323 37325506
473 0.056765015 2.9732544169999997 412629
474 0.015546385 2.9711875890000004 4
475 0.082824101 2.975016874 1389450
476 0.017631762999999998 2.9742526860000003 3849
477 0.07760465300000001 2.975589982 720660
478 0.017624215 2.9737055920000004 7072
479 0.035520411 2.973764255 196991
480 0.098927292 2.975519899 1407164
482 0.017636722 2.974400239 15674
483 0.140960874 2.9754091600000003 2482606
484 0.014522209000000001 2.974853517 34
485 0.021873601 2.976313 14950
486 0.167787781 2.9743607450000003 3223122
487 0.09610066599999997 2.975520488 1002697
488 0.234111378 2.973560579 2806245
489 0.022877407 2.973446508 46544
490 0.048481451 2.971811932 298949
491 1.123264469 2.97499993 20625442
492 0.021884275 2.976408823 21673
493 0.017631314 2.974160544 15654
495 0.023930966 2.9755364539999998 5007
496 0.017635854 2.9775093999999998 10669
497 0.015527624 2.9745539180000002 503
498 0.019724031 2.977312525 0
499 0.017637129 2.9731721039999996 1217
500 0.042861151 2.974470841 217394
501 0.017629911 2.975999576 9804
502 2.137005054 2.972427581 38410384
503 0.030294792 2.970177233 120157
504 0.022967296999999998 2.9736082570000004 67395
505 0.020836286 2.9706411690000003 1
506 0.015530895000000001 2.972008987 4606
507 0.036054538 2.970707302 13685
508 0.048701799 2.971488079 304233
509 0.021874342 2.977011874 44
510 0.542369586 2.97499705 7431
511 0.013481972 2.971439006 0
512 0.035471733 2.973999907 18895
513 0.062261997000000006 2.971561301 619721
514 0.530188907 2.9777542919999997 10939242
515 1.9209693319999999 2.971967472 31279152
516 0.026035678 2.976478533 99335
517 0.04484536 2.976071915 299672
518 0.019743177 2.971301846 28466
519 0.030332864 2.983084938 168371
520 2.6002102110000003 2.97351938 47822521
521 0.060430196000000005 2.971255566 535787
522 0.655999698 2.977720834 11773978
523 0.058602349000000005 2.976062469 412629
524 0.034412593 2.973676914 38542
525 0.014543648999999999 2.971339137 9
526 0.019770988 2.971031838 12049
527 0.014493072000000001 2.974762991 46
528 0.023925624 2.972875658 6312
529 0.015532352999999999 2.969099071 24
531 0.017632254 2.971421722 3331
532 0.166098467 2.970352177 2043472
533 0.017631561 2.9726313990000004 440
534 0.014559248 2.9723870210000003 419
535 0.054825658000000006 2.970119805 547067
536 0.025021982 2.973452967 58191
537 0.5292957509999999 2.972990969 8765836
538 0.05847161 2.974144972 679117
539 0.017630154 2.973131633 18635
540 5.458264228 2.969787065 90321703
541 0.062045575 2.977691051 856148
542 0.017622071 2.977346317 6630
543 0.016577252 2.972806925 353
544 0.016580179 2.974990274 1980
545 2.929599446 2.972945414 55722209
546 0.021843892 2.980403664 35915
547 0.059051233 2.974559864 439163
548 0.019725571 2.976656463 16711
549 0.020825043 2.972993702 47444
550 0.047146002 2.97394138 402620
551 0.134633359 2.9725745679999998 1978576
552 0.18180869 2.973693235 2500603
553 0.04884634600000002 2.97753329 268452
554 0.06249348400000006 2.975392506 406072
555 0.017628626 2.9727431650000002 40268
556 0.16874360200000002 2.977741246 2651800
557 4.413996114 2.971577784 75238748
558 0.050189946000000006 2.975755049 363518
559 0.015527998 2.969886074 126
560 0.023930779 2.9722738110000004 27850
561 0.085234432 2.972279555 1242624
562 0.062606011 2.973399097 550791
563 0.022926921 2.97570909 70830
564 0.016578325 2.972368763 7318
565 0.126647123 2.9739587999999997 2197996
566 0.035528706 2.975511123 82820
567 0.015528417 2.9742267370000004 223
568 0.02813628899999999 2.977796253 62734
569 0.477245305 2.973721442 9182055
570 0.523434897 2.9706141269999997 10915035
571 0.018677577 2.977256225 490
572 0.022924359000000054 2.9741779449999997 10331
573 0.820934791 2.975702695 10609468
574 0.030268787000000002 2.974642643 75043
575 3.478785938 2.970643976 58080849
577 0.021911855 2.9774778050000004 4349
578 0.028154575 2.975310961 15293
579 0.037609553 2.977816611 109733
580 0.054177299 2.9765249440000003 586513
581 0.29431605099999997 2.971812731 2334221
582 0.245530584 2.976595296 4094002
583 0.022922545 2.9751423470000002 50518
584 1.01362644 2.980065656 17155132
585 0.31982148400000004 2.976470392 5920180
586 0.064150339 2.972830164 630275
587 0.026025206999999998 2.975140858 26160
588 0.062980915 2.976708596 795778
589 0.153794778 2.972237574 2261878
590 0.034466153 2.975387436 199106
591 0.053278521 2.9765826800000004 527700
592 0.027081317 2.972366096 125051
593 0.023929571 2.9733226729999997 45892
594 0.015497617 2.971579075 104
595 0.021875803 2.971824253 13303
596 0.019813372 2.972848376 15015
597 0.11536840300000001 2.9704770839999997 802694
598 0.039288860999999994 2.97551153 90422
599 0.015542549000000001 2.9733538889999998 1605
601 0.022860297999999998 2.9753807940000003 45
602 0.67652068 2.9745957 10725156
603 0.028158284999999998 2.9767800970000002 95401
604 0.035469947 2.978168767 17215
605 0.319658028 2.980097472 5916824
606 0.022888644 2.971100854 44
609 0.24894976800000002 2.401686219 2980689
610 0.017644528 2.974884397 82052
611 0.015566877 2.9786696729999997 4531
612 0.023968352999999998 2.975415978 245925
613 0.023958333999999998 2.97550275 188351
614 0.014519296000000001 2.975739088 0
616 0.015527762 2.9818972940000004 7272
617 0.039263674 2.97552204 581652
618 0.015507901 2.97131024 18192
619 0.015496849 2.971632366 50091
620 0.015485481 2.97426186 4889
621 0.015494668999999999 2.970983963 2
622 0.013609582 2.399399651 0
625 0.023925391 2.972166097 27850
626 0.478144012 2.9746842310000003 9182055
628 0.014561207 2.9774989929999998 78
629 0.014483584 2.9757375660000003 29
630 0.014517485 2.975842443 1
631 0.014399226000000001 0.609405638 228
632 0.012505991 0.606961365 16
633 0.021600946 0.6072114369999999 31
634 0.0179909 0.607556652 61
635 0.021806779 0.609857745 30
637 0.01268949 0.5336898119999999 8
638 0.012660655 0.533657992 4731
639 0.015332602 0.48492238299999996 140
640 0.061085085 0.533469812 22336
641 0.038973121 0.5335307560000001 781
642 0.060401731 0.5347802420000001 17700
643 0.061946222 0.5344502680000001 22335
644 0.061042649 0.533319223 17699
645 0.012467698000000001 0.536486857 0
649 0.022277520000000002 0.5608953839999999 47609
651 0.030568464000000035 1.2796762050000001 211
652 0.36431798 2.921629337 642941
655 0.013473077 2.9820254950000002 0
656 0.11612312799999999 1.034634147 22291
657 0.115301743 1.032777865 17474
658 0.115823364 1.033173573 22291
659 0.115150288 1.033242094 17474
660 0.013584803 1.308205405 1
