1 0.014548826999999999 0.789270081 6
2 0.014614624 0.572976674 20
4 0.023930358 2.976836504 16
5 0.023933007000000003 2.9766626400000002 18
6 0.023858326000000003 2.9771402489999996 17
8 0.014565132 0.790141154 7
9 0.01456376 0.788877274 6
10 0.020824534999999998 2.9732037549999997 42
11 0.685129882 2.3955669929999996 37280216
12 0.013561532999999999 0.78865304 6
13 0.01358502 0.7907904819999999 6
14 0.014530611 0.788554039 6
15 0.01456699 0.790481277 6
16 0.014536886 0.788840246 6
17 0.014548174 0.789566455 6
18 0.014531602000000001 0.789893022 6
19 0.014597897 0.788433296 6
20 0.014564724 0.7905104000000001 6
22 0.013557894000000001 0.789221081 7
23 0.014607402 0.7899212800000001 5
24 0.020465915 0.5807107140000001 36
25 0.013561418 0.789209693 7
26 0.014563207 0.7893616330000001 8
27 0.013523028 0.792742371 4
28 0.013557573 0.7886647920000001 5
29 0.013558697 0.791273032 5
30 0.010417135000000001 0.7898855039999999 1
31 0.013573959 0.7894100940000001 6
32 0.012507725 0.7888831119999999 3
33 0.013560901 0.7884794719999999 5
34 0.013525708000000001 0.78962189 9
35 0.013557567 0.78985913 6
36 0.013602587 0.7900677700000001 6
37 0.014566516 0.789528889 6
38 0.046604111 2.9733178199999997 237
39 0.013554344999999999 0.788567723 5
40 0.013558549000000001 0.789405063 6
41 0.013554977999999999 0.788808363 7
42 0.013574537000000001 0.7888466510000001 5
43 0.013577485 0.791147339 7
44 0.014627112 0.78995522 7
45 0.013560618 0.794420988 7
46 0.013552447 0.790544735 7
47 0.013563549000000001 0.788611748 7
48 0.014560954 0.790839736 7
49 0.013557902 0.7897688049999999 4
50 0.013578981000000028 0.7890397149999999 4
51 0.013579597 0.789024067 4
52 0.013555049000000001 0.7897897850000001 4
53 0.013565978999999999 0.788735464 4
54 0.01355745 0.788776665 4
55 0.013557254000000001 0.791238081 4
56 0.013571021 0.789503906 4
57 0.013556676 0.788851542 4
59 0.020824942 2.972029219 16
60 0.020804826000000002 2.973241251 20
61 0.020832082999999998 2.969849967 19
62 0.19440531400000002 0.535323367 302258
63 0.196556 0.534363068 302257
64 0.028124135999999997 2.975595977 113
65 0.014564442000000039 0.789227123 6
66 0.014575579 0.78941096 6
67 8.428548558000001 1.046516886 172543
68 0.013563013 0.790683453 4
69 0.013558325999999999 0.7899604109999999 4
70 0.013558638999999999 0.789857314 4
71 0.011458182 0.7880121750000001 2
72 0.061944214 0.535373691 22336
73 0.015439804 0.570924992 30
74 0.014562872 0.78952873 7
75 0.0145631 0.7892354720000001 6
76 0.014562996 0.790231708 6
77 0.014568412000000001 0.7890911230000001 6
78 0.014565767 0.789275228 6
79 0.013556277 0.788950141 5
80 0.013559478 0.788858014 5
81 0.015487169 2.973921483 2
83 0.013558484 0.790005384 5
84 0.019773752000000002 2.971615378 22
85 0.014563991 0.789674225 7
86 0.014533523 0.790344131 7
87 0.01355646 0.7904039869999999 5
88 0.013561852000000001 0.78932996 5
89 0.014564694 0.7890750200000001 7
90 0.013566777 0.790356467 6
91 0.010420357 0.78925099 1
92 0.014546963 0.78846798 6
96 0.013559343000000001 0.7896114620000001 5
98 0.022922335999999998 2.9783089240000002 115
99 0.013533495000000001 0.789883947 4
100 0.016270408 0.571200973 46
102 0.061162207 0.534181959 17700
103 0.013572504999999999 0.790174494 5
105 0.016307165999999998 1.678554524 1
107 0.013577449 0.789295741 5
108 0.023922953 2.971973271 71
109 0.013560346 0.790397742 5
110 0.012509545 0.788620974 3
111 0.014577695 0.790011793 6
112 0.013556067 0.791686745 5
113 0.013559499 0.7888196430000001 5
114 0.010398779 0.571331964 1
115 0.063960714 6.503826508 21549
117 0.011427858 0.571170333 0
118 0.019735245999999998 2.97438216 14
122 0.010397041 0.570965843 0
123 0.018675947000000002 2.971585827 13
124 6.628406558 4.357622198 76388701
125 0.028525915000000002 4.355120354 27850
126 0.717836673 4.355111363 9183151
127 0.061412057 4.359383544 527701
132 10.418191432 2.971515032 60480400
134 0.013598136 2.399665439 0
136 0.090833724 1.413423243 1246249
137 0.10821595299999999 1.677297577 1008687
138 0.020048866999999998 1.674067161 79853
139 0.018323542 1.3377983759999998 24856
144 0.011459163 0.877988561 1
145 0.016233312 1.675938428 5554
146 0.024441992 1.6796684640000001 41592
148 0.027226454 1.954335962 18793
149 0.015540255 1.658989314 43405
150 0.01553515 1.658619329 50972
153 0.011317816999999999 1.032886474 0
156 0.66775954 2.976759033 11927180
157 0.126525236 2.973283389 136607
158 0.020576214 1.3684982689999998 459
159 0.01721257 1.3678383530000002 239
160 0.026649826 1.367864092 10666
161 0.16612569800000002 1.369413156 471026
162 0.130841415 1.37233318 284700
163 0.01728354 1.3682806239999998 12107
164 0.015105083 1.368842019 20
165 0.015160029 1.368286652 9
166 0.019735658 1.3669659980000002 1507
167 0.015240438 1.3694600559999999 3
168 0.518825873 1.36808429 986775
169 0.544166912 1.367327787 2517306
170 0.11702325 1.3688893599999998 195192
171 0.021947956999999997 1.3709159229999999 23347
172 0.015250789 1.369193199 46
173 0.016429163 1.3684992450000002 2064
174 0.017234146000000002 1.367805401 4200
175 0.015272176 1.3711507349999998 6
176 0.015268897 1.3699491129999999 19
177 0.013440415999999998 1.368850028 1
178 0.016469193 1.367692905 5477
179 0.030205389 1.368576182 12922
180 0.015253848 1.368251638 7
189 0.047966619 2.9775792979999998 99648
194 0.040077078999999995 2.974614421 61755
195 0.496710637 3.811517693 9182983
198 0.018673076 2.975480917 13656
199 0.015540599 2.9753196 9107
200 0.996834777 2.9762486719999997 6213934
201 0.013600673 2.396855827 0
202 0.013624978 2.395946352 0
203 0.632820698 2.974104322 6207926
204 0.014330855 3.819237603 754
205 2.2906093679999997 2.971086052 9354941
206 0.136510391 2.9756266179999997 519474
207 15.803673605 2.978324861 90668763
208 0.037526845999999996 2.9920087250000003 141
210 0.017036510999999997 1.114817364 1153
212 0.011156931 4.287200135 0
213 9.31224162 4.282306815999999 7144
214 0.24776277 3.874122502 979618
217 0.15056229999999998 0.579107187 2524828
218 0.043286087 0.833752721 100654
219 0.02304158499999996 0.834248515 44946
220 0.20782586399999994 0.832955382 666755
221 0.025743819 1.413041886 175856
223 0.02638575 1.41454413 120963
224 0.066536522 1.414281406 1044293
225 0.047185131 1.413806496 515234
226 0.043106262 1.413734007 346494
227 0.021885193 1.413255439 110668
228 0.090845801 1.415826976 1246249
229 0.041276995999999996 1.4131152 330263
230 0.016180688 1.414596111 10634
231 0.087323237 1.413559382 707921
232 0.011318979 1.41339337 0
233 0.02331584 1.413632555 137062
234 0.021281255000000002 1.414040989 210707
235 0.015593006 0.788752631 10651
236 0.013524030000000001 0.790103005 1583
237 0.013582176 0.7906348519999999 2137
238 0.012515703 0.790267855 903
239 0.012508936 0.790967089 1174
240 0.016820691999999998 0.7882690139999999 23043
241 0.016840094 0.788952318 38974
242 0.022728123 0.7894331459999999 57427
243 0.024079747 0.789345412 129623
244 0.01352736 0.791477347 3079
245 0.013571191000000002 0.790790885 2692
246 0.029097292 0.7896590250000001 163913
247 0.022730643000000002 0.7895315530000001 63946
248 0.016833479 0.789539738 31198
249 0.07079794199999999 0.7892025549999999 470510
250 0.082909631 0.789985613 698052
251 0.015613351000000001 0.789680956 6971
252 0.012509574 0.7891399109999999 267
253 0.07475825900000001 0.790598607 781475
254 0.016822072 0.788363607 40411
255 0.015577533 0.788880651 16737
256 0.04209586 0.7890728319999999 255719
257 0.069236965 0.7910344690000001 509196
258 0.011462976 0.790210105 328
259 0.048245545 0.788951512 223250
260 0.019328994 0.789267468 57782
261 0.012515252000000001 0.788555259 853
262 0.012512176 0.7894443440000001 791
263 0.014574189 0.790123402 5457
264 0.016439356 0.7890402759999999 17017
265 0.039978183 0.789369222 261362
266 0.101453765 0.789303656 986547
267 0.013560603999999999 0.7895309 1983
268 0.011457269 0.788195924 42
269 0.013563851 0.788925451 1827
270 0.012512333 0.788890709 415
271 0.013562786 0.7910214839999999 861
272 0.013537453 0.793137821 570
273 0.016391838 0.78926535 14544
274 0.016437722000000002 0.792322565 5924
275 0.075695557 0.790892452 349595
276 0.027691062000000002 0.790500804 105025
277 0.015609797 0.79056216 6131
278 0.015608735 0.790196635 10685
279 0.013559636 0.7895185840000001 3665
280 0.013541428 0.7914539839999999 1514
281 0.015507722 0.800316205 8841
282 0.016820717 0.790703354 17465
283 0.014573209 0.7906425300000001 4895
284 0.012513251 0.7895701380000001 134
285 0.016811239000000002 0.7886641040000001 9210
286 0.016443137 0.791357872 21463
287 0.012508912 0.7913306040000001 2356
288 0.016417463 0.7896572190000001 23956
289 0.013558805 0.790097326 3353
290 0.010411166 0.789713077 1
291 0.021880452 0.789484922 57426
292 0.014612996 0.790244965 6660
293 0.015587928 0.7885447210000001 7348
294 0.013558516 0.790274299 3078
295 0.017665405 0.7888478839999999 31197
296 0.083574277 0.788877058 470509
297 0.012506082 0.790115577 1783
298 0.014565395 0.789914355 12106
299 0.015609183 0.78921948 8277
300 0.026286889 0.7909749180000001 89382
301 0.016261373 0.7897302700000001 12385
302 0.024808851999999954 0.7913748519999999 122621
303 0.012513456000000001 0.788986988 1591
304 0.046682732000000005 0.788932319 256853
305 0.016344727 0.788766865 23955
306 0.024812656 0.791326075 49734
307 0.01043385 0.7883603020000001 0
309 0.023969982 0.789759809 42300
310 0.026270758 0.790298125 89382
311 0.086985699 0.7902958489999999 781474
312 0.021890154 0.7896565600000001 57781
313 0.08492098699999999 0.790585347 260595
314 0.234820265 1.676334863 291589
315 0.115495109 3.201827485 246825
316 0.012508574 0.789140823 2680
317 0.012359914000000001 1.6780126869999998 1
318 0.032063361 1.3468187600000001 8135
322 0.012373463 0.506328128 0
323 0.012361451999999998 1.113500806 128
324 0.013415204 1.111194806 959
325 0.12649025300000002 0.578403027 1170095
326 0.013548808 0.57865897 107
327 0.014096347 0.578085605 316
328 0.013540299 0.577858216 1051
329 0.013569683 0.579411463 383
330 0.013550268 0.578502672 116
331 0.014119522 0.577465801 997
332 0.013550783 0.579147148 206
333 0.013553672000000001 0.5779214570000001 96
334 0.050128544000000004 0.578177673 329816
335 0.013549381 0.578213623 1142
336 0.013545397 0.577833451 409
337 0.013575169 0.5786745670000001 268
338 0.34223560900000005 0.578113486 2004929
339 0.09635587300000001 0.5783141629999999 843968
340 0.013547164 0.578602159 235
341 0.010395861999999999 0.579136711 1
342 0.024563896 0.578042354 26206
343 0.017118768 0.578531162 13517
344 0.016269389 0.578101457 3182
345 0.025938854 0.578979466 28872
346 0.11372562600000001 0.577794527 843967
347 0.011314827999999999 1.1659121170000002 0
348 0.01249424 0.578084316 75
350 0.13099043700000002 0.8795980130000001 996950
351 0.233838348 0.8791728120000001 966899
352 0.011396370000000001 0.879698066 1
353 0.087125984 0.879390922 903514
354 0.22183632799999997 0.880250652 966899
356 0.166495455 3.2863911349999997 12360733
357 0.082693103 1.427424613 1697681
358 0.012338922 1.4290501370000002 1
359 0.021214 1.081490979 192
360 0.029428612 1.41021087 10047
361 0.036145126 1.410439093 14707
362 0.020595304000000002 1.4100529679999998 1704
365 0.012734966 0.544528504 53
367 0.014191790999999999 0.5704902420000001 601
368 0.020553849 0.57188274 5856
369 0.079066072 0.572011643 290937
370 0.017950526 0.571187017 4086
371 0.021069945 0.571301575 30030
372 0.013548724 0.5712297639999999 239
373 0.029734969 0.57137636 109029
374 0.018792601 0.5722137679999999 789
375 0.014184933 0.572013598 269
376 0.016275177 0.572135041 900
377 0.012476991 0.573519427 13
378 0.011449694 0.571565939 59
379 0.014242502 0.573900053 289
380 0.12423876599999994 0.571268472 1088152
381 0.014625046000000001 0.571998165 311
382 0.014254142 0.574201071 891
383 0.013548877 0.571861986 57
384 0.014163575999999999 0.5711022150000001 537
385 0.014594832 0.5718403519999999 1006
386 0.014633529000000001 0.572617991 390
387 0.023498026999999998 0.57095015 24859
388 0.036318281 0.5752757510000001 75470
389 0.017950382 0.5731242630000001 3848
390 0.014193318 0.571611716 146
391 0.018810677 0.5731144420000001 3835
392 0.517977122 0.572218801 2498646
393 0.013550309 0.573127401 127
394 0.025400994 0.571794816 122137
395 0.291085704 0.571922308 1363411
396 0.013569464 0.572654947 179
397 0.01716716 0.571599546 5942
398 0.016273337 0.5723346260000001 3168
399 0.020576605 0.5711293829999999 28849
400 0.018859399000000002 0.5715469769999999 8201
401 0.014221226 0.572400237 439
402 0.013545823 0.572394538 27
403 0.019707314 0.571317142 11601
404 0.017126396000000002 0.571289983 2386
405 0.010401195 0.5725430330000001 1
406 0.010400919 0.573122898 1
407 0.016242873999999952 0.5722593939999999 783
408 0.36974710499999996 0.571852446 1085122
409 0.025582949 0.572654355 61698
410 0.019724402 0.571500596 24629
411 0.635764417 0.571454939 2498645
412 0.016272325 0.571938609 1973
413 0.348464989 0.573656199 1363410
414 0.016273746 0.5705860530000001 693
415 0.020570448 0.571278956 28848
416 0.163148662 0.5729616319999999 1111408
417 0.016271008 0.571049532 2938
418 0.014243682 0.5717076759999999 644
419 0.010392474 0.57261043 0
420 0.010406848 0.5713744450000001 0
421 0.111169886 0.5718749329999999 877571
422 0.014517174 2.972919621 1
423 0.012495972 0.654944709 26817
424 0.218918209 1.5442371799999999 78689
425 0.012366865 1.2361533729999998 38715
426 0.020950256 2.3986333429999998 24598
427 0.057938065000000004 2.397885513 343827
428 0.234632591 2.394083875 2980690
429 0.012505132 2.399099833 1
430 0.015651072 2.3986294509999997 6997
432 0.052927761 2.399784267 148521
433 0.013602197 2.395271682 121
434 0.016708971000000003 2.394806463 10807
435 0.031445693999999996 2.39435847 40612
436 0.024097708 2.399048848 13698
437 0.018801551 2.398255281 14188
438 0.01775248199999996 2.398457246 15692
439 0.18543785999999998 2.4010885600000003 1357292
440 0.025107974999999998 2.3989887170000004 40274
441 0.016704707 2.397078565 9132
442 0.013600808999999998 2.3947643449999996 33
443 2.441809104 2.395406692 9181545
444 0.014614453999999999 2.397889671 224
445 0.039636938000000004 2.3983683339999997 148635
447 0.013609062 2.398257321 2
448 0.071833733 2.3973183509999996 190623
449 0.076798931 2.395457563 595733
453 0.05412612399999995 2.97695359 471980
454 0.03666935700000001 2.975819861 187488
455 0.018698498 2.975756309 623
456 0.01972453 2.975278162 6603
457 0.021873563 2.973437773 54309
458 0.288133706 2.972018174 2312241
459 0.067314679 2.974682251 907443
460 0.028123479 2.974109497 58404
461 0.055744537 2.975303469 323338
462 0.044904322999999996 2.973019091 114246
463 0.070951255 2.972011361 332244
464 0.671277831 2.980077654 10728036
465 0.031321334 2.974205984 250
466 0.020823525000000002 2.97420984 3172
467 0.0229198 2.9711220610000004 40641
468 0.02393843 2.9754881519999996 75658
469 0.018641466 2.973341393 25297
470 0.09319952000000001 2.973458447 372911
471 0.016584565 2.976552492 19764
472 2.075419992 2.976397915 37325506
473 0.056909112 2.971429097 412629
474 0.015523766 2.971424168 4
475 0.082789194 2.9728453110000004 1389450
476 0.017618266 2.9762485159999996 3849
477 0.07869825999999999 2.977295481 720660
478 0.017636245 2.971355963 7072
479 0.035527902 2.971502876 196991
480 0.09777274700000001 2.971557457 1407164
482 0.017620900000000002 2.975398207 15674
483 0.140813799 2.9791809700000003 2482606
484 0.014520352 2.9759446690000004 34
485 0.022920257000000003 2.977668557 14950
486 0.16792915599999997 2.977015983 3223122
487 0.094458639 2.970516946 1002697
488 0.23376433 2.977068359 2806245
489 0.023924050999999998 2.977246065 46544
490 0.048199324 2.973769962 298949
491 1.1163805390000001 2.971995818 20625442
492 0.021868458 2.975427018 21673
493 0.018677775 2.97903713 15654
495 0.023923266 2.97521998 5007
496 0.017640147000000002 2.973726147 10669
497 0.015528247 2.972301009 503
498 0.019726773 2.974392044 0
499 0.017641306 2.972198165 1217
500 0.042869332999999996 2.97125268 217394
501 0.017617731 2.971885312 9804
502 2.136899701 2.973490667 38410384
503 0.030290433000000002 2.975121888 120157
504 0.022932255000000002 2.9755632149999998 67395
505 0.020823326 2.971230271 1
506 0.016577321 2.971340799 4606
507 0.03645396 2.969732603 13685
508 0.049141291 2.97223625 304233
509 0.021873427 2.9744404249999996 44
510 0.544405537 2.975340587 7431
511 0.013440227 2.972645363 0
512 0.035470191 2.972299233 18895
513 0.061904754 2.9735014100000003 619721
514 0.53294653 2.977395364 10939242
515 1.93367697 2.9721162349999997 31279152
516 0.02604259 2.975786518 99335
517 0.04511128200000001 2.9748472599999998 299672
518 0.020800038 2.9728946460000003 28466
519 0.030345998 2.9720908539999997 168371
520 2.6131350810000002 2.9739040890000004 47822521
521 0.061207554 2.9751821179999998 535787
522 0.658848436 2.976257509 11773978
523 0.0592831 2.978452017 412629
524 0.034418801 2.97266 38542
525 0.014522288000000001 2.9727306600000003 9
526 0.019727643 2.971453615 12049
527 0.014519401 2.973173906 46
528 0.024953544999999997 3.034814752 6312
529 0.015474442 3.015007236 24
531 0.018676586999999998 2.974929315 3331
532 0.16720705600000002 2.974549331 2043472
533 0.017626862 2.975719583 440
534 0.014516867000000001 2.973976634 419
535 0.055240271 2.9757964959999996 547067
536 0.024974018 2.9730749210000003 58191
537 0.5259416599999999 2.971356628 8765836
538 0.059932312 2.977279954 679117
539 0.018651998 2.9764504730000003 18635
540 5.459229659 2.9722541639999998 90321703
541 0.060749985 2.9724951290000003 856148
542 0.017632322 2.975892036 6630
543 0.016576233 2.9759749330000003 353
544 0.016573686 2.977509562 1980
545 2.926781591 2.97444531 55722209
546 0.021900859 2.969171014 35915
547 0.059076159 2.9718557999999997 439163
548 0.019732699 2.9747702680000003 16711
549 0.02077149 2.976946395 47444
550 0.048720599 2.9792042149999998 402620
551 0.135875316 2.976207031 1978576
552 0.18302403 2.974686981 2500603
553 0.048428278 2.972925133 268452
554 0.06453329099999999 2.9756306940000004 406072
555 0.017623032 2.976361256 40268
556 0.168430993 2.9769666430000004 2651800
557 4.389587649 2.975221855 75238748
558 0.050698561999999996 2.987350766 363518
559 0.015529985000000001 2.97533658 126
560 0.023932775 2.975276814 27850
561 0.083534701 2.970653011 1242624
562 0.063343331 2.974348512 550791
563 0.022920226 2.976804326 70830
564 0.016538471000000003 2.978373005 7318
565 0.12655339999999998 2.9768177579999997 2197996
566 0.035508191 2.976276919 82820
567 0.015546379999999999 2.9769436970000003 223
568 0.028132501 2.977117199 62734
569 0.47782297700000004 2.976628944 9182055
570 0.523408639 2.972444663 10915035
571 0.018673214 2.979046953 490
572 0.023962322 2.97508678 10331
573 0.82046737 2.9761547659999996 10609468
574 0.030297014 2.978175312 75043
575 3.46934286 2.972435053 58080849
577 0.021806999 2.972194171 4349
578 0.028172283 2.970713727 15293
579 0.037222464 2.9748625669999997 109733
580 0.056826552 2.97595964 586513
581 0.295290615 2.9777893939999998 2334221
582 0.24129921499999996 2.971311839 4094002
583 0.022921 2.9735394360000003 50518
584 1.0167034769999999 2.976152651 17155132
585 0.32180765299999997 2.978582251 5920180
586 0.063845824 2.973417366 630275
587 0.025962739000000002 2.9734106060000003 26160
588 0.06626866499999999 2.974809843 795778
589 0.153900918 2.9749422919999997 2261878
590 0.034448955 2.9770089879999997 199106
591 0.054527818 2.976612009 527700
592 0.027103931 2.974348938 125051
593 0.023944895 2.973518845 45892
594 0.015532106 2.9710683810000003 104
595 0.021874474999999997 2.973160861 13303
596 0.019725075 2.973437214 15015
597 0.115727804 2.97377597 802694
598 0.039591253 2.977750308 90422
599 0.015530325000000001 2.9740449900000003 1605
601 0.022928746 2.977716846 45
602 0.6799742099999999 2.9767477220000003 10725156
603 0.028165954 2.972472606 95401
604 0.035450449999999994 2.9725405019999998 17215
605 0.32286868599999996 2.975956013 5916824
606 0.022944883000000003 2.973954071 44
609 0.250899847 2.3985067570000003 2980689
610 0.017636118 2.975494618 82052
611 0.015563241 2.974903678 4531
612 0.024011348999999998 2.975528948 245925
613 0.024013989000000003 2.97679879 188351
614 0.014527736000000001 2.974930434 0
616 0.015570516 2.9756406660000003 7272
617 0.039608375999999994 2.9771381299999997 581652
618 0.015525441000000001 2.973306016 18192
619 0.015534918 2.9760645770000003 50091
620 0.015537417999999999 2.974701969 4889
621 0.015508567999999999 2.973684133 2
622 0.013597623 2.394630234 0
625 0.023898266 2.973770204 27850
626 0.472441307 2.974556056 9182055
628 0.014519799000000002 2.97584632 78
629 0.014500687 2.9757306370000003 29
630 0.014518950000000001 2.9760340419999998 1
631 0.014492514 0.608786708 228
632 0.012522209999999999 0.607338198 16
633 0.021707650000000002 0.607460919 31
634 0.018006816 0.608016622 61
635 0.02171827 0.60811394 30
637 0.012758646 0.5357664010000001 8
638 0.012738885 0.534344618 4731
639 0.015477143 0.485661013 140
640 0.060946158 0.535689971 22336
641 0.038880610999999995 0.534011449 781
642 0.060698053999999994 0.533673325 17700
643 0.061716720999999995 0.53393034 22335
644 0.061378533000000006 0.533959906 17699
645 0.012513673000000001 0.53515301 0
649 0.022292723 0.560483745 47609
651 0.030555488000000002 1.280355887 211
652 0.366345036 2.923560915 642941
655 0.013470699000000001 2.983090893 0
656 0.11585296 1.036973421 22291
657 0.115506768 1.032739413 17474
658 0.1159832 1.03469429 22291
659 0.115722171 1.033970054 17474
660 0.013587370999999999 1.306471168 1
