1 0.014544629000000002 0.788950731 6
2 0.014625351 0.5713326040000001 20
4 0.023974527 2.975663994 16
5 0.02493993 2.977376233 18
6 0.024966012 2.977910042 17
8 0.014562254 0.788429809 7
9 0.014569164 0.788189302 6
10 0.020834785 2.9772958149999997 42
11 0.6857166539999999 2.395826034 37280216
12 0.013572283 0.789534274 6
13 0.013579825 0.789976574 6
14 0.014570796 0.790233698 6
15 0.014566427 0.7913493580000001 6
16 0.014566966 0.789096436 6
17 0.014547942 0.7882947490000001 6
18 0.014563078 0.7893461580000001 6
19 0.014579479 0.7888747110000001 6
20 0.014564006 0.788957501 6
22 0.013578466 0.788842834 7
23 0.013558024 0.787559127 5
24 0.02048255700000003 0.578440054 36
25 0.013591674000000002 0.789581653 7
26 0.014566184999999999 0.787893044 8
27 0.013567638000000002 0.788658983 4
28 0.013554743000000001 0.788438902 5
29 0.01356963 0.788560211 5
30 0.010383040000000001 0.788827209 1
31 0.014574595999999999 0.788517228 6
32 0.012511033 0.7893570080000001 3
33 0.013577337 0.7881790359999999 5
34 0.013528816 0.791027495 9
35 0.013558540000000001 0.7882560799999999 6
36 0.013559396000000001 0.788173623 6
37 0.014562569 0.788886839 6
38 0.046770663 2.9768719700000004 237
39 0.013558636 0.788922715 5
40 0.013579793 0.788395587 6
41 0.013560045999999973 0.789010604 7
42 0.013558358 0.789224602 5
43 0.013560665999999999 0.788637915 7
44 0.013530306 0.78934727 7
45 0.013559062 0.7881155790000001 7
46 0.014609357 0.788879315 7
47 0.013559922 0.7897500820000001 7
48 0.014565100000000001 0.788869657 7
49 0.013561719 0.7902163950000001 4
50 0.013558792 0.788468856 4
51 0.013559806 0.789116951 4
52 0.013538844 0.789180108 4
53 0.013563611000000001 0.788479526 4
54 0.013559130999999999 0.788907253 4
55 0.013559717 0.787585835 4
56 0.013573058 0.78911328 4
57 0.013560557 0.787373691 4
59 0.020824533 2.9750391830000003 16
60 0.020823734 2.976234499 20
61 0.020824574000000002 2.97467638 19
62 0.196018226 0.533594659 302258
63 0.19627592900000002 0.532710651 302257
64 0.028113588 2.974249729 113
65 0.014560743000000001 0.788463533 6
66 0.014562379 0.7890620009999999 6
67 8.406846432 1.044759754 172543
68 0.013557148 0.788771187 4
69 0.013530935 0.789337843 4
70 0.013558126999999979 0.789268103 4
71 0.011460421 0.7878567040000001 2
72 0.061754250999999996 0.533391443 22336
73 0.015459726000000024 0.5707258000000001 30
74 0.014559822 0.788481689 7
75 0.014541314 0.78777714 6
76 0.014563985 0.788988853 6
77 0.014563736999999998 0.7884084259999999 6
78 0.014583313 0.788591944 6
79 0.013558507 0.788957445 5
80 0.013556971 0.788649581 5
81 0.014554653 2.9770392340000003 2
83 0.013586675999999999 0.788807733 5
84 0.019736547 2.975969787 22
85 0.014633057000000001 0.7890841359999999 7
86 0.014562566999999998 0.7882308319999999 7
87 0.013560377 0.789940537 5
88 0.014605048 0.789347487 5
89 0.014533325000000001 0.789458302 7
90 0.013555558 0.78787439 6
91 0.010396324 0.7892370559999999 1
92 0.014546178 0.7880797319999999 6
96 0.013558986 0.78902516 5
98 0.022924381 2.9732053539999996 115
99 0.013525179 0.7878406459999999 4
100 0.016255247 0.571578891 46
102 0.061301268 0.5341176049999999 17700
103 0.013559043 0.7875727650000001 5
105 0.016206293 1.675155509 1
107 0.013555033999999999 0.789326497 5
108 0.02393715 2.976836512 71
109 0.01355701 0.7883330829999999 5
110 0.012490398 0.790432062 3
111 0.014550836 0.78720615 6
112 0.013590968 0.788711848 5
113 0.013562264999999999 0.789097931 5
114 0.010432274 0.5714451500000001 1
115 0.062771733 6.49380752 21549
117 0.010412273999999977 0.586030118 0
118 0.019743695 3.003882889 14
122 0.010366236999999999 0.570636436 0
123 0.018672237 2.974801659 13
124 6.61208274 4.358240381 76388701
125 0.028820814 4.359153265 27850
126 0.717984396 4.361794216 9183151
127 0.062305477 4.356231481 527701
132 10.396079611 2.978769588 60480400
134 0.013569382 2.3989287900000003 0
136 0.090730233 1.413605381 1246249
137 0.10834277499999999 1.675192009 1008687
138 0.020085585 1.675311271 79853
139 0.018359711 1.336898095 24856
144 0.011464886 0.879707586 1
145 0.016248689 1.677898657 5554
146 0.024444665 1.675026933 41592
148 0.027267025 1.958212721 18793
149 0.015579941 1.6583579499999999 43405
150 0.015544045 1.659244964 50972
153 0.011319039000000001 1.035446627 0
156 0.669553248 2.9729906919999998 11927180
157 0.128053513 2.980781189 136607
158 0.021451961 1.375044922 459
159 0.017265991 1.371064954 239
160 0.026859850999999997 1.3688113760000002 10666
161 0.16503061600000002 1.3690072660000001 471026
162 0.132014642 1.369447335 284700
163 0.017301145 1.3690537660000002 12107
164 0.015211894 1.368646926 20
165 0.015250759 1.3678376159999999 9
166 0.019747821 1.371094328 1507
167 0.01449638 1.368163169 3
168 0.522466901 1.36876366 986775
169 0.5430024059999999 1.368723899 2517306
170 0.11707305800000001 1.367921012 195192
171 0.021928127000000002 1.3718869040000001 23347
172 0.015234082 1.3688683289999999 46
173 0.016446447 1.369831524 2064
174 0.017229058000000002 1.367569386 4200
175 0.014512162 1.3705739479999999 6
176 0.015245214 1.368987466 19
177 0.013375697 1.3708238659999998 1
178 0.016443357 1.368247877 5477
179 0.030341402 1.369374764 12922
180 0.015273475 1.367781295 7
189 0.047442588 2.9719467170000002 99648
194 0.041518482 2.9785628020000003 61755
195 0.49847672499999995 3.815208491 9182983
198 0.01867545499999996 2.9715076550000004 13656
199 0.015541447999999975 2.972470795 9107
200 0.99905513 2.9708320759999998 6213934
201 0.013603485 2.398752306 0
202 0.013579335 2.400845018 0
203 0.6348060719999999 2.977227429 6207926
204 0.014290847 3.8140576189999997 754
205 2.2917208990000004 2.974406469 9354941
206 0.13726660200000002 2.974816415 519474
207 15.827838855000001 2.972386475 90668763
208 0.036368243 2.97248788 141
210 0.016997547 1.1139273889999999 1153
212 0.011155154 4.282165374 0
213 9.319543272 4.283191496000001 7144
214 0.244950943 3.8714257489999997 979618
217 0.150588484 0.57995887 2524828
218 0.043286718 0.832702693 100654
219 0.023024225 0.835858091 44946
220 0.205523187 0.832666119 666755
221 0.025674166000000002 1.4145606929999999 175856
223 0.026350297999999998 1.4122490899999998 120963
224 0.066465516 1.413531944 1044293
225 0.047186696 1.414574012 515234
226 0.043112378 1.412882723 346494
227 0.021909911 1.4158005759999999 110668
228 0.090881542 1.4119967390000001 1246249
229 0.041273813 1.413946149 330263
230 0.016210783 1.413453402 10634
231 0.08701959600000002 1.41328375 707921
232 0.011342531000000001 1.413295322 0
233 0.023332428 1.412256244 137062
234 0.021319317 1.413476393 210707
235 0.014564174999999999 0.787980518 10651
236 0.013565901 0.790129214 1583
237 0.013529797 0.788587853 2137
238 0.012507328 0.790544619 903
239 0.012505473 0.7880430770000001 1174
240 0.016819438 0.789768268 23043
241 0.01682774 0.7884088079999999 38974
242 0.022730375 0.789005897 57427
243 0.024105577 0.7887814350000001 129623
244 0.013561458 0.788618973 3079
245 0.013558597 0.788069931 2692
246 0.03007302 0.790423167 163913
247 0.022735447000000044 0.7886847410000001 63946
248 0.016452002 0.78848045 31198
249 0.07080051799999999 0.789500892 470510
250 0.082809561 0.7881743410000001 698052
251 0.015610636 0.789378804 6971
252 0.012504414 0.788427884 267
253 0.07475095900000003 0.788045129 781475
254 0.016830565 0.788065947 40411
255 0.015613629 0.789065993 16737
256 0.042198382 0.787888551 255719
257 0.069184707 0.7882848440000001 509196
258 0.011462285 0.789462226 328
259 0.04824141099999996 0.789647047 223250
260 0.019327026 0.7888416580000001 57782
261 0.012511945 0.790244831 853
262 0.01251185 0.788219439 791
263 0.014562436 0.78875376 5457
264 0.016841291 0.7889945279999999 17017
265 0.039829888 0.788048301 261362
266 0.101317869 0.7895512410000001 986547
267 0.013592291 0.7885959010000001 1983
268 0.011460782 0.787926735 42
269 0.013527531 0.789047796 1827
270 0.012515183000000001 0.7896759640000001 415
271 0.013556653 0.788680915 861
272 0.013559058 0.7875630530000001 570
273 0.016438719 0.7890946010000001 14544
274 0.016430458 0.788090795 5924
275 0.075676689 0.789403083 349595
276 0.02774318200000003 0.788668924 105025
277 0.015609534999999999 0.7887360969999999 6131
278 0.015614068 0.788209721 10685
279 0.013572354 0.790210203 3665
280 0.012494597 0.790163016 1514
281 0.015607536 0.788598806 8841
282 0.01681535 0.7886149640000001 17465
283 0.014607034999999999 0.791352304 4895
284 0.012517369 0.787556723 134
285 0.016815692 0.7896717830000001 9210
286 0.016301101000000002 0.7872429839999999 21463
287 0.012505207 0.787969884 2356
288 0.016437954 0.788033533 23956
289 0.013559267 0.789955241 3353
290 0.01040964 0.7885998470000001 1
291 0.021900554 0.7888989080000001 57426
292 0.014615281 0.788157661 6660
293 0.014565811 0.788342007 7348
294 0.013536256 0.78756137 3078
295 0.017655876 0.788864186 31197
296 0.083671181 0.788531119 470509
297 0.01252425 0.788749736 1783
298 0.014566071 0.788196836 12106
299 0.015596947 0.789222635 8277
300 0.026292259 0.788423647 89382
301 0.016428174 0.788369031 12385
302 0.024899968 0.788005368 122621
303 0.01254026800000004 0.7875716679999999 1591
304 0.046748387 0.788388488 256853
305 0.01643544 0.788956878 23955
306 0.024812015 0.787660209 49734
307 0.01041007 0.7889760160000001 0
309 0.024057455000000002 0.788144126 42300
310 0.026302301 0.788466346 89382
311 0.08713423299999999 0.790449677 781474
312 0.021934578 0.788453594 57781
313 0.08513063700000001 0.78748781 260595
314 0.23459009 1.676880922 291589
315 0.115621773 3.198578055 246825
316 0.012491578 0.791602125 2680
317 0.012378427 1.67470625 1
318 0.032132892 1.3444611610000001 8135
322 0.012476942 0.504696517 0
323 0.012374262 1.108576276 128
324 0.013407802 1.10985254 959
325 0.126174061 0.5775158589999999 1170095
326 0.013568269 0.5766051130000001 107
327 0.014198303 0.578432379 316
328 0.013548285 0.578069237 1051
329 0.013543398 0.576775165 383
330 0.013544531 0.5787845360000001 116
331 0.014186537 0.577006646 997
332 0.013548201 0.5772774669999999 206
333 0.013551032999999999 0.578200842 96
334 0.050091726999999996 0.57802727 329816
335 0.01354241 0.577466422 1142
336 0.013556125 0.577052809 409
337 0.013529040999999999 0.577210532 268
338 0.34292671699999994 0.577131115 2004929
339 0.09642350100000005 0.577541223 843968
340 0.013547515999999999 0.57779695 235
341 0.010395337 0.579077713 1
342 0.024502310000000003 0.5773531940000001 26206
343 0.017166766 0.578270865 13517
344 0.015441492 0.577789875 3182
345 0.025859733 0.578154505 28872
346 0.11397027400000001 0.5782031610000001 843967
347 0.011325217 1.162198073 0
348 0.012499729 0.578592684 75
350 0.13109748499999999 0.8782438379999999 996950
351 0.234721802 0.879131132 966899
352 0.01146733 0.879311325 1
353 0.08712842999999999 0.87877616 903514
354 0.222652622 0.8791903910000001 966899
356 0.168456154 3.283268683 12360733
357 0.082462626 1.4248205729999999 1697681
358 0.012367395 1.424651177 1
359 0.021122508 1.077746961 192
360 0.028309598000000002 1.40804827 10047
361 0.036086784 1.408310335 14707
362 0.019751342 1.4078005 1704
365 0.012739705 0.5421123569999999 53
367 0.014631126 0.5721211170000001 601
368 0.020557038 0.570540105 5856
369 0.079093055 0.570913076 290937
370 0.017960812000000003 0.5707494479999999 4086
371 0.021158396 0.5697922480000001 30030
372 0.013550092 0.570474708 239
373 0.029567449 0.5700468270000001 109029
374 0.01879175 0.572309341 789
375 0.014227132 0.5727721410000001 269
376 0.015480838 0.5710500919999999 900
377 0.012496138 0.57015193 13
378 0.011448636 0.5709043229999999 59
379 0.014173632 0.5708920209999999 289
380 0.124020129 0.5702486969999999 1088152
381 0.014625111000000001 0.5711991430000001 311
382 0.014218916 0.570716635 891
383 0.013544613999999943 0.571239249 57
384 0.014197062 0.570009069 537
385 0.014627068 0.570007909 1006
386 0.014622409 0.570744265 390
387 0.023313473 0.5722073329999999 24859
388 0.036301415000000004 0.5700551650000001 75470
389 0.017964876 0.5703890039999999 3848
390 0.014222063 0.570774291 146
391 0.018798129 0.570534596 3835
392 0.5214202210000001 0.571217603 2498646
393 0.013548946 0.572318667 127
394 0.025434065999999998 0.570177926 122137
395 0.28720206800000003 0.571775777 1363411
396 0.013549929 0.5708743100000001 179
397 0.01716598 0.5713077320000001 5942
398 0.016269175 0.570177592 3168
399 0.020572583 0.571384384 28849
400 0.018848169 0.5717513719999999 8201
401 0.014208781 0.570419444 439
402 0.013547724 0.5704537409999999 27
403 0.019736515 0.571488957 11601
404 0.017092792000000002 0.5698159159999999 2386
405 0.010393543 0.5704565420000001 1
406 0.010398844999999999 0.5719653829999999 1
407 0.016268541 0.5706325400000001 783
408 0.367159919 0.570375243 1085122
409 0.02553799 0.570310451 61698
410 0.01973214 0.5714262120000001 24629
411 0.6329697320000001 0.570901066 2498645
412 0.01627119 0.5706930250000001 1973
413 0.346076349 0.5701864329999999 1363410
414 0.016280534 0.5702745079999999 693
415 0.020570998 0.570163947 28848
416 0.163848141 0.569822322 1111408
417 0.0162729 0.571152818 2938
418 0.014144799999999999 0.571390799 644
419 0.010403914 0.569835542 0
420 0.010400986999999999 0.5706805309999999 0
421 0.111110294 0.5698678349999999 877571
422 0.014519025 2.976250678 1
423 0.012499977 0.654261868 26817
424 0.22225197 1.5428823170000001 78689
425 0.012365593000000001 1.232703466 38715
426 0.020947205000000003 2.397968953 24598
427 0.058697268 2.4002487 343827
428 0.233225843 2.4088140580000004 2980690
429 0.012522968 2.399968499 1
430 0.015653759 2.3946736299999998 6997
432 0.052731882 2.395565087 148521
433 0.013601166 2.399360152 121
434 0.016708043000000002 2.4010168569999997 10807
435 0.031441386 2.397679177 40612
436 0.024054772000000002 2.398009302 13698
437 0.018805659 2.3952297939999996 14188
438 0.017753637 2.395183408 15692
439 0.187495496 2.395020835 1357292
440 0.025095513 2.395168322 40274
441 0.016716781 2.399955205 9132
442 0.013599969 2.3990377400000003 33
443 2.448305988 2.399389837 9181545
444 0.014680732 2.399626859 224
445 0.037004567 2.3963311839999997 148635
447 0.013596429 2.395287927 2
448 0.073174279 2.398798054 190623
449 0.07592907900000002 2.3983951 595733
453 0.051355349 2.97393204 471980
454 0.036824928 2.9705856710000003 187488
455 0.018668944 2.9725177429999996 623
456 0.019703772 2.975978085 6603
457 0.021869635999999998 2.9766785159999998 54309
458 0.290045231 2.976795523 2312241
459 0.064282734 2.972071807 907443
460 0.028131435 2.97165334 58404
461 0.055841853999999996 2.973198057 323338
462 0.046350704 2.9772374 114246
463 0.07086711 2.976060762 332244
464 0.671149039 2.971437928 10728036
465 0.031314869 2.973300641 250
466 0.020769457999999998 2.976152168 3172
467 0.022946021 2.976094846 40641
468 0.023985039 2.9749694840000003 75658
469 0.018636161000000002 2.978734286 25297
470 0.092723855 2.976510906 372911
471 0.016581418 2.971875796 19764
472 2.060460394 2.971001881 37325506
473 0.060507389 2.9767268650000003 412629
474 0.015528304 2.977815702 4
475 0.082118091 2.9781923569999997 1389450
476 0.017622143 2.9709501570000003 3849
477 0.077790156 2.971666324 720660
478 0.01762057 2.976602268 7072
479 0.035508326 2.9784725099999996 196991
480 0.098586037 2.9743953509999996 1407164
482 0.017625349999999998 2.974304735 15674
483 0.14113578899999998 2.970537587 2482606
484 0.014522206 2.975803805 34
485 0.022857123 2.977062094 14950
486 0.16885329000000004 2.980606683 3223122
487 0.094708879 2.9766348 1002697
488 0.23475614 2.971427406 2806245
489 0.023924886 2.9755123969999997 46544
490 0.050608792 2.979227583 298949
491 1.1278160700000002 2.977397548 20625442
492 0.021868888 2.9729834040000003 21673
493 0.018697100999999997 2.97153507 15654
495 0.023924303 2.975058969 5007
496 0.017619595000000002 2.9789625529999997 10669
497 0.015534927 2.976121453 503
498 0.019780678 2.9745262230000002 0
499 0.0176586 2.975567147 1217
500 0.043988965 2.9756263169999997 217394
501 0.017598640999999998 2.975979985 9804
502 2.130493445 2.9738686000000003 38410384
503 0.030253336999999998 2.977601018 120157
504 0.022926692 2.9757846179999996 67395
505 0.021867253 2.9754528369999997 1
506 0.016576593 2.9774514219999997 4606
507 0.03625958 2.977611242 13685
508 0.048943706000000003 2.9730594929999996 304233
509 0.02187277800000005 2.9718596170000002 44
510 0.540055649 2.972293687 7431
511 0.013471985 2.9739373309999997 0
512 0.035496694 2.975169981 18895
513 0.061752254 2.972826506 619721
514 0.529516783 2.971013054 10939242
515 1.932153452 2.976041618 31279152
516 0.0260263 2.975611344 99335
517 0.047449652 2.976637403 299672
518 0.019726435 2.97714035 28466
519 0.030321323 2.975195984 168371
520 2.591627927 2.976669089 47822521
521 0.060579642 2.976179299 535787
522 0.6507636480000001 2.971739571 11773978
523 0.058782322 2.972142249 412629
524 0.035486050000000005 2.978619851 38542
525 0.014569838 2.976201316 9
526 0.019773017 2.977859706 12049
527 0.014516988 2.975802142 46
528 0.024974198 2.975633867 6312
529 0.015521733 2.976632331 24
531 0.018645228 2.978371204 3331
532 0.16621198499999998 2.9745220359999998 2043472
533 0.017620459999999998 2.976640875 440
534 0.014554613 2.983014451 419
535 0.054547360999999996 2.984454402 547067
536 0.024972816 2.973103437 58191
537 0.52852877 2.973402873 8765836
538 0.058248187 2.9788971639999997 679117
539 0.018647199 2.973839408 18635
540 5.443854293999999 2.975048958 90321703
541 0.062434338000000006 2.980808347 856148
542 0.017618177 2.9767397659999997 6630
543 0.01658056 2.976897378 353
544 0.016582641999999998 2.977909542 1980
545 2.9339336019999998 2.9765033990000003 55722209
546 0.021869027 2.9780080809999996 35915
547 0.059221585 3.014851353 439163
548 0.019769642 2.9954417689999997 16711
549 0.020719411 3.0303806140000003 47444
550 0.047894824999999995 3.010164049 402620
551 0.134827356 2.983910574 1978576
552 0.182172956 3.004975878 2500603
553 0.047754541 3.047970301 268452
554 0.06218121 2.9752355469999996 406072
555 0.017623068999999998 2.9878585380000002 40268
556 0.17004872000000001 2.985770443 2651800
557 4.401093371 2.9780709360000004 75238748
558 0.052747896 2.986262101 363518
559 0.015523700000000001 2.979024227 126
560 0.023925709 2.976551369 27850
561 0.083378172 2.9765968569999997 1242624
562 0.061729917 2.973879353 550791
563 0.022920028 2.978381227 70830
564 0.016568725 2.979382635 7318
565 0.127661568 2.979458932 2197996
566 0.035525144 2.973358046 82820
567 0.01552082 2.975315825 223
568 0.028072019 2.981445334 62734
569 0.475525613 2.979586103 9182055
570 0.522267892 2.974406992 10915035
571 0.019717441999999998 2.976703497 490
572 0.023966602 2.975464487 10331
573 0.816769129 2.978784418 10609468
574 0.030291902 2.97692107 75043
575 3.444439847 2.9759206099999997 58080849
577 0.021870545999999998 2.972958672 4349
578 0.028151267 2.9732721140000002 15293
579 0.035987503 2.972710697 109733
580 0.053936688 2.970983759 586513
581 0.29709938100000005 2.976002549 2334221
582 0.24277472700000002 2.973627345 4094002
583 0.022922555 2.972983958 50518
584 1.012159754 2.9718443879999996 17155132
585 0.317826651 2.973255812 5920180
586 0.064533411 2.976219774 630275
587 0.026021951 2.975446788 26160
588 0.063202771 2.97720119 795778
589 0.15563312399999996 2.999212553 2261878
590 0.034460453999999995 2.977854152 199106
591 0.054693945 2.97397848 527700
592 0.028176085 2.977025684 125051
593 0.023926374 2.976424139 45892
594 0.015530174999999998 2.977841622 104
595 0.021865996999999998 2.974233453 13303
596 0.019720304 2.9746389279999996 15015
597 0.115756375 2.974637215 802694
598 0.039981265 2.9765784049999997 90422
599 0.016535189 2.978918556 1605
601 0.022921491000000002 2.9763493149999998 45
602 0.679839879 2.978059453 10725156
603 0.028147392 2.9719626630000002 95401
604 0.035501334 2.972683667 17215
605 0.3222473 2.973469915 5916824
606 0.022881304 2.972611987 44
609 0.24847790500000003 2.3961900959999998 2980689
610 0.017630141 2.974179377 82052
611 0.015527591 2.971392217 4531
612 0.023968895 2.973116767 245925
613 0.024009662 2.975991515 188351
614 0.014514955 2.978850332 0
616 0.015567962999999999 2.977352319 7272
617 0.040421879 2.975503901 581652
618 0.015534290999999999 2.9764362880000004 18192
619 0.015563807 2.976472462 50091
620 0.015571084 2.977533496 4889
621 0.015512767 2.9765761680000002 2
622 0.013600773 2.394812904 0
625 0.023927376 2.9762537549999997 27850
626 0.47284238399999995 2.971929165 9182055
628 0.014554849 2.979515907 78
629 0.014513562 2.978291963 29
630 0.014516013000000001 2.976896122 1
631 0.014468389 0.608481874 228
632 0.012506599 0.607679658 16
633 0.021810863 0.607829735 31
634 0.017995944 0.6089551639999999 61
635 0.021776393 0.6079630819999999 30
637 0.012621826 0.535392013 8
638 0.012697907999999999 0.5339846920000001 4731
639 0.015379005999999999 0.485987994 140
640 0.061636006 0.533861181 22336
641 0.039358748 0.534851269 781
642 0.061540252999999996 0.534085327 17700
643 0.062487019 0.535305708 22335
644 0.062424004 0.5346761210000001 17699
645 0.012506056 0.533408046 0
649 0.022347233 0.565094863 47609
651 0.030591369 1.292570226 211
652 0.364677359 2.924066982 642941
655 0.013473241 2.983889605 0
656 0.11760256699999999 1.035203166 22291
657 0.11762807700000001 1.034245338 17474
658 0.11766873600000001 1.03464039 22291
659 0.117271363 1.035673762 17474
660 0.013560248 1.309163988 1
