1 0.014544651 0.79142309 6
2 0.014610653 0.572607093 20
4 0.023927505 2.980611691 16
5 0.023924463 2.978512798 18
6 0.023931106 2.981026889 17
8 0.01456593 0.791520651 7
9 0.014567765 0.790260075 6
10 0.020771157999999998 2.981729303 42
11 0.6827393030000001 2.4054327 37280216
12 0.013557836 0.789054902 6
13 0.013558751 0.79153314 6
14 0.014563415000000001 0.790862987 6
15 0.014565092 0.7911162049999999 6
16 0.014564965000000001 0.790691883 6
17 0.014512699 0.789328038 6
18 0.014593989 0.7916969189999999 6
19 0.014561261 0.7905853030000001 6
20 0.014559077 0.7903611119999999 6
22 0.013559633 0.7916096359999999 7
23 0.01355908 0.791986005 5
24 0.020458909 0.5814831030000001 36
25 0.013579961 0.795535808 7
26 0.014558425 0.7910818270000001 8
27 0.013603096 0.794457698 4
28 0.013559243 0.7908302580000001 5
29 0.013593349 0.792306357 5
30 0.010410596 0.7906056419999999 1
31 0.013555415000000001 0.7905907510000001 6
32 0.012510066 0.790787316 3
33 0.013560078 0.7902200180000001 5
34 0.01357769 0.790926208 9
35 0.013563383 0.791721969 6
36 0.013559772999999999 0.790042115 6
37 0.014557725 0.790507813 6
38 0.046378979 2.984247456 237
39 0.013558792 0.790080633 5
40 0.013558683 0.7898794229999999 6
41 0.014609163 0.790633816 7
42 0.013593104 0.7909245890000001 5
43 0.013540154 0.791615147 7
44 0.013561871999999999 0.79130667 7
45 0.013594164 0.788645766 7
46 0.014591245999999999 0.791579667 7
47 0.013591321 0.789745887 7
48 0.014564331 0.789864514 7
49 0.013568792 0.791134277 4
50 0.013555533 0.789897912 4
51 0.013560133 0.790978289 4
52 0.013559703 0.790214371 4
53 0.013562395 0.790274208 4
54 0.013560605 0.7920747149999999 4
55 0.013529 0.7903615 4
56 0.013553303 0.790255207 4
57 0.013619364 0.7916328319999999 4
59 0.020795525000000002 2.983103242 16
60 0.020813313 2.9807108930000004 20
61 0.020859141 2.979897506 19
62 0.19428585099999998 0.535220044 302258
63 0.19604712700000002 0.533980701 302257
64 0.027073431000000002 2.983527059 113
65 0.014509959999999999 0.789784942 6
66 0.014563948 0.7909119050000001 6
67 8.426363114 1.048333259 172543
68 0.013555582 0.79000934 4
69 0.013559158 0.790791132 4
70 0.013553495 0.7907834420000001 4
71 0.011427027 0.7900765719999999 2
72 0.061097358 0.534503801 22336
73 0.015443887 0.572019572 30
74 0.014565746999999999 0.791161102 7
75 0.014565062 0.791106549 6
76 0.014565907 0.790794302 6
77 0.014529384 0.789856481 6
78 0.014564795 0.7906400729999999 6
79 0.013558131999999999 0.7912709760000001 5
80 0.013560298 0.792827001 5
81 0.014483015 2.97961428 2
83 0.013567779 0.790568951 5
84 0.019811653999999998 2.979802107 22
85 0.014589211999999999 0.790294657 7
86 0.014565249 0.7898204799999999 7
87 0.013562009 0.7908002 5
88 0.013560781000000001 0.790069752 5
89 0.014564631 0.789541684 7
90 0.013593022000000001 0.789876877 6
91 0.010409534 0.790637438 1
92 0.014546152 0.790316404 6
96 0.013559958 0.790919453 5
98 0.022920609 2.983884856 115
99 0.013581534 0.79040918 4
100 0.016264995 0.572722685 46
102 0.060536419 0.5348820200000001 17700
103 0.013553467000000001 0.790626198 5
105 0.016257101 1.67735745 1
107 0.013493201 0.7907264039999999 5
108 0.023966562 2.9892432429999998 71
109 0.013559067999999999 0.794759314 5
110 0.012511336999999999 0.7921350989999999 3
111 0.014567312 0.790299245 6
112 0.013591318 0.7930030770000001 5
113 0.013558526 0.78935432 5
114 0.010364166999999999 0.5747127630000001 1
115 0.06286972 6.507752726 21549
117 0.01039505 0.5858284920000001 0
118 0.019728305 3.044078916 14
122 0.01039714 0.572063625 0
123 0.018638503 2.982259233 13
124 6.622822869 4.368859116 76388701
125 0.028546068 4.369027343999999 27850
126 0.7175093379999999 4.364802932 9183151
127 0.061797462 4.369324182 527701
132 10.41561922 2.9794684929999997 60480400
134 0.013603384 2.40577431 0
136 0.090587736 1.4159158829999998 1246249
137 0.10807413 1.685966345 1008687
138 0.020016167 1.6786021770000001 79853
139 0.018332972000000003 1.340789736 24856
144 0.011465851 0.8812371609999999 1
145 0.016192443 1.679432196 5554
146 0.024363829 1.6786223789999999 41592
148 0.027058227 1.959344959 18793
149 0.015579674000000002 1.663947191 43405
150 0.015502347 1.662840158 50972
153 0.011310792 1.036141265 0
156 0.666105007 2.981820023 11927180
157 0.12664793300000002 2.979592379 136607
158 0.020576318 1.3723597749999998 459
159 0.017213192 1.3706523089999998 239
160 0.026448876 1.3720116089999999 10666
161 0.16596608999999998 1.374522902 471026
162 0.131626557 1.371774779 284700
163 0.017302311 1.372895905 12107
164 0.015163868 1.371947888 20
165 0.015171197 1.370548432 9
166 0.019733688 1.370594328 1507
167 0.014497902 1.371914471 3
168 0.517289554 1.3709157689999998 986775
169 0.542561843 1.373500397 2517306
170 0.117036669 1.3748655330000001 195192
171 0.021917153999999998 1.370016517 23347
172 0.015255387 1.372198707 46
173 0.016406766 1.372279973 2064
174 0.017239009 1.372293434 4200
175 0.014493388999999999 1.371953046 6
176 0.015305791 1.371167723 19
177 0.013469164 1.3715540160000002 1
178 0.016485187000000002 1.371941163 5477
179 0.030085729 1.3732302269999999 12922
180 0.0152344 1.372821723 7
189 0.047164072999999994 2.979130025 99648
194 0.041406302000000006 2.9889597340000003 61755
195 0.49801196999999997 3.822945844 9182983
198 0.018669439 2.982228057 13656
199 0.015497588 2.9860994840000004 9107
200 0.99757642 2.984026023 6213934
201 0.013604792 2.404300834 0
202 0.013595775 2.402826771 0
203 0.632829324 2.982872705 6207926
204 0.014314875 3.821733182 754
205 2.291878556 2.9860875389999997 9354941
206 0.136425036 2.982089217 519474
207 15.793135478 2.98314724 90668763
208 0.037533836 2.984008763 141
210 0.017027663000000002 1.116981933 1153
212 0.011160521000000001 4.2929071940000005 0
213 9.310085298 4.296144541 7144
214 0.24544171299999998 3.879563279 979618
217 0.150415312 0.58065909 2524828
218 0.043180363 0.834410235 100654
219 0.022995641 0.8346779620000001 44946
220 0.20752268500000007 0.833773385 666755
221 0.025721828000000002 1.416069726 175856
223 0.026253830000000002 1.419271808 120963
224 0.06646363000000001 1.417012132 1044293
225 0.047069222 1.42187954 515234
226 0.043035486 1.4155426439999999 346494
227 0.022035421 1.4156275090000001 110668
228 0.09072564999999999 1.415871814 1246249
229 0.041291923 1.416664024 330263
230 0.016221469 1.4165128599999999 10634
231 0.086998121 1.416756879 707921
232 0.01132682 1.415245132 0
233 0.023306004 1.414798839 137062
234 0.021302965 1.415137516 210707
235 0.014562852000000001 0.7907559030000001 10651
236 0.013576409 0.790428361 1583
237 0.013536813 0.789693593 2137
238 0.012509981 0.790749047 903
239 0.012514355 0.789109497 1174
240 0.016816762 0.79061466 23043
241 0.016798225 0.7900318199999999 38974
242 0.022723664 0.789153246 57427
243 0.024066173 0.7907389890000001 129623
244 0.013526346 0.791021421 3079
245 0.013557659 0.790347275 2692
246 0.029037128000000002 0.7934504960000001 163913
247 0.022740183 0.78978993 63946
248 0.016454265 0.791748633 31198
249 0.070743082 0.791532973 470510
250 0.082736898 0.790309123 698052
251 0.015610058999999999 0.7894392539999999 6971
252 0.012515227 0.790389392 267
253 0.074848041 0.7904863980000001 781475
254 0.016820974 0.791427054 40411
255 0.015608332 0.7902474660000001 16737
256 0.042112519 0.790127411 255719
257 0.06916522900000001 0.7901263129999999 509196
258 0.011456531999999998 0.790987198 328
259 0.048280341 0.790029569 223250
260 0.019318239 0.79048201 57782
261 0.012478786 0.791236894 853
262 0.012508903 0.7911341550000001 791
263 0.014565644 0.790160233 5457
264 0.016450624 0.791049294 17017
265 0.039963491000000004 0.7908935009999999 261362
266 0.101342718 0.790937334 986547
267 0.013560531 0.7910107220000001 1983
268 0.011460081 0.7911860479999999 42
269 0.013574307 0.789972517 1827
270 0.012514135000000001 0.7920130230000001 415
271 0.013561858 0.790103291 861
272 0.013577790999999999 0.791251534 570
273 0.016455833 0.7901307 14544
274 0.016379203 0.789919061 5924
275 0.07565043500000006 0.790649844 349595
276 0.027686128 0.790818633 105025
277 0.015614978 0.791576237 6131
278 0.015602755 0.790893753 10685
279 0.013562111 0.791700613 3665
280 0.012492189 0.7901295749999999 1514
281 0.015613123999999999 0.790948917 8841
282 0.016824955000000003 0.792195153 17465
283 0.014578951 0.791441639 4895
284 0.012509674 0.790497849 134
285 0.016813513 0.790233664 9210
286 0.01642075 0.7898717460000001 21463
287 0.012535555 0.7899296210000001 2356
288 0.016447501 0.790102304 23956
289 0.013560159 0.790892066 3353
290 0.010412606 0.791198591 1
291 0.021894039 0.789574919 57426
292 0.014563065 0.790915665 6660
293 0.014565435 0.79054395 7348
294 0.013556359 0.789767323 3078
295 0.0176715 0.790740458 31197
296 0.08359427 0.790903243 470509
297 0.01250936 0.7896532700000001 1783
298 0.014564256999999999 0.7905283839999999 12106
299 0.015609642 0.789620317 8277
300 0.026260684 0.7897353370000001 89382
301 0.016435032999999998 0.790652015 12385
302 0.024925017 0.790700233 122621
303 0.012505200000000001 0.789870029 1591
304 0.046622791 0.79129323 256853
305 0.016314928 0.789423363 23955
306 0.0247454 0.791168868 49734
307 0.010408585 0.789785934 0
309 0.023932105 0.790438965 42300
310 0.026217815999999998 0.79005414 89382
311 0.08693602800000001 0.7909084980000001 781474
312 0.021866472 0.790435134 57781
313 0.08494354600000001 0.789971517 260595
314 0.231233836 1.679036629 291589
315 0.117603865 3.207829838 246825
316 0.012476487999999999 0.790327375 2680
317 0.012391265 1.680303312 1
318 0.032013499 1.350642254 8135
322 0.012346155000000001 0.506537377 0
323 0.012363025 1.114616287 128
324 0.013413416999999999 1.113686277 959
325 0.125955221 0.579089235 1170095
326 0.013550063 0.5794215159999999 107
327 0.014106323 0.579929388 316
328 0.013551191999999998 0.5788772510000001 1051
329 0.013549062 0.579885001 383
330 0.013550537 0.579301402 116
331 0.014120506 0.578854677 997
332 0.0135491 0.5803504899999999 206
333 0.013571264 0.579284593 96
334 0.049056936999999995 0.5803377579999999 329816
335 0.013548973 0.579415171 1142
336 0.013549938000000001 0.579924689 409
337 0.013521380999999999 0.579260095 268
338 0.342903458 0.579519122 2004929
339 0.09622177800000001 0.578852797 843968
340 0.01355175 0.578552347 235
341 0.010400475000000001 0.579526191 1
342 0.024434844 0.580441623 26206
343 0.017147457999999997 0.578615535 13517
344 0.015405589 0.579182443 3182
345 0.02581368 0.5786880079999999 28872
346 0.113670456 0.5790105019999999 843967
347 0.011316822 1.166888572 0
348 0.012496198 0.57924786 75
350 0.13086592500000005 0.8814718340000001 996950
351 0.23497427199999998 0.8806999769999999 966899
352 0.011463288 0.88115577 1
353 0.087069493 0.881362252 903514
354 0.22294361 0.881093632 966899
356 0.167684601 3.2898217880000002 12360733
357 0.08260528599999999 1.430540227 1697681
358 0.012336761 1.431070372 1
359 0.021412133000000003 1.081422433 192
360 0.029304654 1.4152548939999998 10047
361 0.035379452 1.413117784 14707
362 0.019749891 1.412028628 1704
365 0.012739306 0.544311969 53
367 0.014203801 0.571910713 601
368 0.020573108 0.572572301 5856
369 0.07888199700000001 0.5726405130000001 290937
370 0.017984383000000003 0.573289007 4086
371 0.021013391 0.573245917 30030
372 0.013548804 0.572361508 239
373 0.029460218 0.572718536 109029
374 0.017966693 0.5717160619999999 789
375 0.014150859 0.574004591 269
376 0.015477438 0.571879617 900
377 0.012499833 0.572319744 13
378 0.011448606 0.572185548 59
379 0.013549246 0.5730070479999999 289
380 0.124239901 0.571930325 1088152
381 0.01461938 0.572402096 311
382 0.01422019 0.5725155430000001 891
383 0.013530816000000001 0.572128051 57
384 0.014176967 0.571850129 537
385 0.014655471 0.572187454 1006
386 0.014655120999999998 0.5718080649999999 390
387 0.023357673 0.572186476 24859
388 0.036418339999999966 0.5717349030000001 75470
389 0.017961026999999997 0.571718684 3848
390 0.014254885 0.571677615 146
391 0.018827043 0.572374522 3835
392 0.518127261 0.571629916 2498646
393 0.013569639 0.571965547 127
394 0.02532815 0.571755697 122137
395 0.291400541 0.573579914 1363411
396 0.01354143 0.571473524 179
397 0.017162389 0.5727382099999999 5942
398 0.016279112 0.5728877290000001 3168
399 0.020572276 0.571864865 28849
400 0.018817228999999998 0.573241879 8201
401 0.014220804 0.5727669569999999 439
402 0.013543953 0.5726639739999999 27
403 0.01887018 0.573183643 11601
404 0.017103155999999998 0.573097338 2386
405 0.01039522 0.571922956 1
406 0.010430361999999999 0.571846201 1
407 0.015453074 0.573171189 783
408 0.36973326100000004 0.572022601 1085122
409 0.025574491999999997 0.571789644 61698
410 0.019729055 0.5719934720000001 24629
411 0.6349881170000001 0.5728284520000001 2498645
412 0.016254734 0.572172817 1973
413 0.348111527 0.573262764 1363410
414 0.015424022999999999 0.57230703 693
415 0.020569553 0.5735712439999999 28848
416 0.163040828 0.5721615849999999 1111408
417 0.016258417 0.573984199 2938
418 0.014141754000000001 0.572984 644
419 0.010395350000000001 0.572694091 0
420 0.010398616 0.572618461 0
421 0.11084363500000001 0.572851912 877571
422 0.014529058999999999 2.979321009 1
423 0.012500751000000001 0.655963811 26817
424 0.2185434 1.5473576370000002 78689
425 0.012373788 1.237479035 38715
426 0.020952039000000002 2.40328092 24598
427 0.057903593999999996 2.4019620329999998 343827
428 0.23461324 2.4041810810000004 2980690
429 0.012469588 2.405931835 1
430 0.015653863 2.407092976 6997
432 0.052706239 2.4043653640000002 148521
433 0.013593682000000001 2.402441536 121
434 0.01667943 2.403955037 10807
435 0.031446605 2.404860523 40612
436 0.024052647 2.4050449560000002 13698
437 0.018807859 2.402271799 14188
438 0.01775255 2.4005094849999997 15692
439 0.18792119899999998 2.4030010949999996 1357292
440 0.025105139999999998 2.402005372 40274
441 0.016706126 2.404800325 9132
442 0.013601710999999999 2.4037150240000003 33
443 2.447421533 2.405927636 9181545
444 0.014646381 2.402459769 224
445 0.037828894999999994 2.401995208 148635
447 0.013600522 2.406192481 2
448 0.071990152 2.405329014 190623
449 0.075531611 2.402336441 595733
453 0.052563331 2.982883872 471980
454 0.038353883 2.983154914 187488
455 0.018679522 2.9840456009999996 623
456 0.019773258000000002 2.9834181 6603
457 0.021856134 2.984207368 54309
458 0.287536392 2.982338373 2312241
459 0.06637069400000001 2.9845693229999997 907443
460 0.02813628 2.983398409 58404
461 0.055628629 2.9810671060000002 323338
462 0.04490133 2.979631895 114246
463 0.072186086 2.983593993 332244
464 0.672478085 2.982165261 10728036
465 0.030274847 2.9809028399999997 250
466 0.020823223000000002 2.980117386 3172
467 0.022890183 2.984481963 40641
468 0.023988322 2.98699265 75658
469 0.018642335 2.983231634 25297
470 0.093083557 2.9872384619999997 372911
471 0.016496456 2.981888036 19764
472 2.075582773 2.9810582119999998 37325506
473 0.057471896 2.984191858 412629
474 0.015564136000000001 2.981814702 4
475 0.08215546999999997 2.978640205 1389450
476 0.017632165 2.9958513420000004 3849
477 0.078660767 2.98643009 720660
478 0.017627168000000002 2.9802323459999998 7072
479 0.035524603 2.980704063 196991
480 0.09737305499999999 2.979895664 1407164
482 0.017624086 2.9855139580000003 15674
483 0.140342068 2.985242034 2482606
484 0.014522254 2.9857663199999998 34
485 0.022918736000000002 2.985673414 14950
486 0.168249721 2.987071107 3223122
487 0.095288308 2.983443776 1002697
488 0.233245191 2.980591768 2806245
489 0.023894600999999998 2.9807562030000003 46544
490 0.049264044 2.9829852949999998 298949
491 1.125847025 2.986222139 20625442
492 0.021875525 2.9793221379999997 21673
493 0.018678253000000002 2.979941096 15654
495 0.023971293 2.984359493 5007
496 0.017662411 2.9849023879999996 10669
497 0.015527283 2.987079853 503
498 0.019736148000000002 2.984345931 0
499 0.017630716 2.984740855 1217
500 0.042834884 2.9837963220000003 217394
501 0.017627814999999998 2.9820553199999997 9804
502 2.1407462710000003 2.9795408250000004 38410384
503 0.030292494 2.982870496 120157
504 0.022934942 2.9808306690000004 67395
505 0.020826965 2.979773349 1
506 0.016544684 2.982314923 4606
507 0.036403077 2.983183284 13685
508 0.051591451 2.986983421 304233
509 0.021893476 2.984558168 44
510 0.541586914 2.9836929150000002 7431
511 0.013467439 2.98537206 0
512 0.035465287 2.9856875040000004 18895
513 0.06173284 2.983046475 619721
514 0.5311650450000001 2.979692855 10939242
515 1.932272015 2.9818765210000002 31279152
516 0.026033544999999998 2.9835901519999997 99335
517 0.047506955999999996 2.9833479300000003 299672
518 0.019724394 2.9843902179999997 28466
519 0.030313819 2.981795054 168371
520 2.60702231 2.979770338 47822521
521 0.060943881 2.9790281899999997 535787
522 0.657818995 2.9799327289999997 11773978
523 0.060307493000000004 2.984028408 412629
524 0.03444278 2.981754897 38542
525 0.014522896 2.979040929 9
526 0.019729178 2.979873548 12049
527 0.014520173 2.980080301 46
528 0.023931423 2.979730612 6312
529 0.015527162 2.982357259 24
531 0.018640637999999998 2.985733969 3331
532 0.16837195900000002 2.985295024 2043472
533 0.017622504 2.982131981 440
534 0.014556218999999999 2.983134019 419
535 0.057246336 2.9860835260000003 547067
536 0.024985024 2.983858743 58191
537 0.525122899 2.9819172230000004 8765836
538 0.06020462 2.983166141 679117
539 0.017627841 2.9834025 18635
540 5.424459704 2.981983911 90321703
541 0.060733853000000004 2.979250901 856148
542 0.017625636 2.981423107 6630
543 0.016576575 2.9842640830000002 353
544 0.016573401999999997 2.983176833 1980
545 2.923556565 2.983566662 55722209
546 0.021874412 2.9795630109999998 35915
547 0.059427422 2.979153534 439163
548 0.019718225 2.9850044270000002 16711
549 0.020787851 2.9835198220000003 47444
550 0.047119480000000005 2.981373536 402620
551 0.134593419 2.980432597 1978576
552 0.18144130300000003 2.983499049 2500603
553 0.048723858 2.983889777 268452
554 0.061858144999999996 2.9809240690000003 406072
555 0.017634050999999998 2.979205362 40268
556 0.168404175 2.9799387360000003 2651800
557 4.381658947 2.9806867400000003 75238748
558 0.049728730000000006 2.978966641 363518
559 0.01554178 2.9800017000000003 126
560 0.023928879 2.980139472 27850
561 0.08536550500000001 2.983663367 1242624
562 0.061667162 2.984014567 550791
563 0.022919349 2.980214718 70830
564 0.01657223 2.979855175 7318
565 0.12742415399999998 2.981426456 2197996
566 0.035551447 2.9826932420000003 82820
567 0.015548504000000001 2.982124162 223
568 0.028146999 2.982066764 62734
569 0.478254281 2.980687595 9182055
570 0.5245139790000001 2.9972825729999997 10915035
571 0.018673369999999998 2.987528796 490
572 0.022925637999999998 2.984608835 10331
573 0.819037459 2.986025905 10609468
574 0.030309977 2.9843834219999996 75043
575 3.46261631 2.984985488 58080849
577 0.021841744 2.981650964 4349
578 0.0281791 2.981876937 15293
579 0.037584302 2.984979327 109733
580 0.055212805000000004 2.9851060699999996 586513
581 0.294293845 2.982807641 2334221
582 0.245333299 2.985488288 4094002
583 0.022919643 2.9857435789999998 50518
584 1.012485353 2.9848942230000004 17155132
585 0.32039498 2.9825611260000002 5920180
586 0.067426829 2.984819601 630275
587 0.025995798 2.984288009 26160
588 0.063155196 2.982719601 795778
589 0.15395473699999995 2.9784424019999998 2261878
590 0.034469621 2.980290614 199106
591 0.053332601 2.9781924870000003 527700
592 0.028130962 2.984710281 125051
593 0.023968473 2.983181482 45892
594 0.015524109000000001 2.9833599360000003 104
595 0.021873083999999998 2.9844812459999996 13303
596 0.019730998 2.9823672400000003 15015
597 0.115797688 2.9841710669999997 802694
598 0.039903175000000006 2.984650763 90422
599 0.01553006 2.987727222 1605
601 0.022963276 2.984652307 45
602 0.678861406 2.981081788 10725156
603 0.028155085 2.9808209 95401
604 0.035471327 2.9831360989999998 17215
605 0.32083022 2.98406548 5916824
606 0.022897561 2.9802005329999997 44
609 0.249962321 2.404663828 2980689
610 0.017633336 2.983849069 82052
611 0.015530744 2.986248992 4531
612 0.023908659999999998 2.986264566 245925
613 0.023963132 2.984952158 188351
614 0.014547288 2.9809496830000004 0
616 0.01553273 2.981545588 7272
617 0.03982879 2.980748855 581652
618 0.015528511 2.98463375 18192
619 0.015524829 2.984241713 50091
620 0.01557142 2.986339398 4889
621 0.014535003000000001 2.983744619 2
622 0.013600423 2.4041697749999997 0
625 0.023929034 2.985019154 27850
626 0.47472450899999996 2.983041248 9182055
628 0.014525979999999999 2.980519937 78
629 0.014525211 2.9854846779999997 29
630 0.014523249 2.985095217 1
631 0.014412097 0.610527398 228
632 0.012500955 0.60867798 16
633 0.021642366000000003 0.608987273 31
634 0.018833568 0.6087721119999999 61
635 0.021711999 0.6085998109999999 30
637 0.012645924000000001 0.5374833859999999 8
638 0.012632518 0.534868462 4731
639 0.015305408 0.48597510600000005 140
640 0.060822693 0.535556412 22336
641 0.038857719 0.535318149 781
642 0.06050299 0.534928738 17700
643 0.062005756999999995 0.536121523 22335
644 0.061337489999999995 0.535134257 17699
645 0.012509669 0.534575321 0
649 0.022299844000000003 0.562092665 47609
651 0.030642283 1.2824356940000001 211
652 0.36452728799999995 2.9293634539999998 642941
655 0.013476134 2.9913817039999997 0
656 0.115963674 1.035981429 22291
657 0.11637375500000001 1.035130329 17474
658 0.11614233 1.036671991 22291
659 0.115392409 1.034897319 17474
660 0.013581142 1.309268556 1
