1 0.0150222 0.0015197 6
2 0.0146254 0.0000145 20
4 0.0240377 0.0003287 16
5 0.0241362 0.0004323 18
6 0.0241306 0.0004417 17
8 0.0145627 0.0000141 7
9 0.0145652 0.0000047 6
10 0.0208063 0.0000265 42
11 0.6861800 0.0015187 37280216
12 0.0137699 0.0004345 6
13 0.0136678 0.0003298 6
14 0.0145642 0.0000153 6
15 0.0145576 0.0000171 6
16 0.0145639 0.0000174 6
17 0.0145383 0.0000155 6
18 0.0145662 0.0000231 6
19 0.0145692 0.0000116 6
20 0.0145596 0.0000106 6
22 0.0136663 0.0003229 7
23 0.0137670 0.0004414 5
24 0.0203048 0.0003608 36
25 0.0135644 0.0000137 7
26 0.0145623 0.0000053 8
27 0.0135615 0.0000225 4
28 0.0135576 0.0000032 5
29 0.0137717 0.0004344 5
30 0.0104104 0.0000127 1
31 0.0137604 0.0004326 6
32 0.0124965 0.0000284 3
33 0.0136633 0.0003255 5
34 0.0135580 0.0000204 9
35 0.0136586 0.0003137 6
36 0.0136716 0.0003283 6
37 0.0145648 0.0000182 6
38 0.0465942 0.0005457 237
39 0.0138720 0.0005008 5
40 0.0136736 0.0003608 6
41 0.0138787 0.0004965 7
42 0.0135625 0.0000163 5
43 0.0136593 0.0003353 7
44 0.0137692 0.0004471 7
45 0.0138827 0.0004936 7
46 0.0137687 0.0004384 7
47 0.0137667 0.0004349 7
48 0.0145609 0.0000109 7
49 0.0135621 0.0000108 4
50 0.0135601 0.0000073 4
51 0.0135654 0.0000104 4
52 0.0135569 0.0000166 4
53 0.0135675 0.0000127 4
54 0.0135610 0.0000075 4
55 0.0135590 0.0000158 4
56 0.0135553 0.0000132 4
57 0.0135651 0.0000192 4
59 0.0208091 0.0000144 16
60 0.0208151 0.0000202 20
61 0.0208162 0.0000302 19
62 0.1953081 0.0009840 302258
63 0.1960075 0.0005507 302257
64 0.0277113 0.0005480 113
65 0.0145504 0.0000197 6
66 0.0145671 0.0000076 6
67 8.4327624 0.0213196 172543
68 0.0135485 0.0000189 4
69 0.0135633 0.0000174 4
70 0.0135459 0.0000331 4
71 0.0114568 0.0000112 2
72 0.0615613 0.0005996 22336
73 0.0154376 0.0000138 30
74 0.0145656 0.0000178 7
75 0.0145713 0.0000347 6
76 0.0145650 0.0000051 6
77 0.0145528 0.0000246 6
78 0.0145627 0.0000239 6
79 0.0137744 0.0004353 5
80 0.0138683 0.0005055 5
81 0.0148993 0.0005216 2
83 0.0135647 0.0000131 5
84 0.0197455 0.0000357 22
85 0.0145764 0.0000220 7
86 0.0145585 0.0000170 7
87 0.0136667 0.0003299 5
88 0.0138765 0.0005039 5
89 0.0145622 0.0000169 7
90 0.0136644 0.0003313 6
91 0.0104093 0.0000070 1
92 0.0145398 0.0000242 6
96 0.0135555 0.0000140 5
98 0.0229112 0.0000246 115
99 0.0135547 0.0000248 4
100 0.0162648 0.0000077 46
102 0.0610373 0.0005869 17700
103 0.0138755 0.0005050 5
105 0.0163352 0.0001479 1
107 0.0135601 0.0000284 5
108 0.0240495 0.0003250 71
109 0.0136656 0.0003294 5
110 0.0125055 0.0000125 3
111 0.0145617 0.0000077 6
112 0.0136687 0.0003306 5
113 0.0136711 0.0003300 5
114 0.0103978 0.0000162 1
115 0.0628973 0.0007374 21549
117 0.0105004 0.0003263 0
118 0.0197464 0.0000216 14
122 0.0104037 0.0000246 0
123 0.0186683 0.0000246 13
124 6.5983589 0.0219996 76388701
125 0.0290675 0.0006623 27850
126 0.7169003 0.0018089 9183151
127 0.0623870 0.0016588 527701
132 10.4083302 0.0205700 60480400
134 0.0135914 0.0000191 0
136 0.0907267 0.0001535 1246249
137 0.1081742 0.0003941 1008687
138 0.0200677 0.0000289 79853
139 0.0183528 0.0000536 24856
144 0.0114495 0.0000146 1
145 0.0163224 0.0001978 5554
146 0.0244318 0.0000994 41592
148 0.0271713 0.0001790 18793
149 0.0155302 0.0001146 43405
150 0.0155257 0.0000209 50972
153 0.0113157 0.0000155 0
156 0.6688538 0.0024724 11927180
157 0.1271250 0.0006050 136607
158 0.0208407 0.0004154 459
159 0.0172323 0.0000226 239
160 0.0267005 0.0002668 10666
161 0.1654003 0.0006836 471026
162 0.1318102 0.0004180 284700
163 0.0172828 0.0000345 12107
164 0.0152054 0.0000752 20
165 0.0152215 0.0000569 9
166 0.0199051 0.0003558 1507
167 0.0147262 0.0003886 3
168 0.5200279 0.0024388 986775
169 0.5427140 0.0010027 2517306
170 0.1170556 0.0003516 195192
171 0.0219032 0.0000489 23347
172 0.0152350 0.0000279 46
173 0.0164136 0.0000320 2064
174 0.0172334 0.0000233 4200
175 0.0149588 0.0004006 6
176 0.0152306 0.0000536 19
177 0.0134277 0.0000306 1
178 0.0164605 0.0000139 5477
179 0.0301438 0.0002524 12922
180 0.0152357 0.0000602 7
189 0.0475993 0.0006808 99648
194 0.0408037 0.0006872 61755
195 0.4976612 0.0015305 9182983
198 0.0186655 0.0000133 13656
199 0.0155338 0.0000187 9107
200 0.9968577 0.0019443 6213934
201 0.0136022 0.0000092 0
202 0.0135997 0.0000130 0
203 0.6334230 0.0010606 6207926
204 0.0143160 0.0000116 754
205 2.2886420 0.0040629 9354941
206 0.1370761 0.0006537 519474
207 15.8036196 0.0278842 90668763
208 0.0365234 0.0005795 141
210 0.0171014 0.0002618 1153
212 0.0111685 0.0000133 0
213 9.2959728 0.0254508 7144
214 0.2462192 0.0016718 979618
217 0.1503664 0.0002819 2524828
218 0.0432316 0.0000434 100654
219 0.0230439 0.0000775 44946
220 0.2071268 0.0007394 666755
221 0.0257308 0.0001051 175856
223 0.0262853 0.0002218 120963
224 0.0664961 0.0001214 1044293
225 0.0471730 0.0001861 515234
226 0.0431271 0.0001855 346494
227 0.0219190 0.0001026 110668
228 0.0908216 0.0001513 1246249
229 0.0413421 0.0001775 330263
230 0.0162946 0.0002719 10634
231 0.0870765 0.0002510 707921
232 0.0113072 0.0000244 0
233 0.0233160 0.0000500 137062
234 0.0212910 0.0000286 210707
235 0.0149828 0.0005388 10651
236 0.0135563 0.0000146 1583
237 0.0135561 0.0000158 2137
238 0.0125097 0.0000153 903
239 0.0125058 0.0000201 1174
240 0.0169826 0.0003477 23043
241 0.0168223 0.0000127 38974
242 0.0227255 0.0000177 57427
243 0.0240926 0.0000329 129623
244 0.0135594 0.0000336 3079
245 0.0135585 0.0000112 2692
246 0.0293711 0.0005092 163913
247 0.0227408 0.0000093 63946
248 0.0166275 0.0002165 31198
249 0.0708069 0.0000906 470510
250 0.0828140 0.0001123 698052
251 0.0156079 0.0000073 6971
252 0.0125115 0.0000070 267
253 0.0747690 0.0000775 781475
254 0.0168239 0.0000077 40411
255 0.0156032 0.0000143 16737
256 0.0421115 0.0000446 255719
257 0.0692225 0.0000785 509196
258 0.0114596 0.0000025 328
259 0.0482705 0.0000740 223250
260 0.0193152 0.0000205 57782
261 0.0125013 0.0000134 853
262 0.0124955 0.0000193 791
263 0.0146689 0.0003315 5457
264 0.0166354 0.0002062 17017
265 0.0400320 0.0002811 261362
266 0.1013826 0.0001223 986547
267 0.0135624 0.0000188 1983
268 0.0114586 0.0000028 42
269 0.0135572 0.0000169 1827
270 0.0125119 0.0000121 415
271 0.0135635 0.0000132 861
272 0.0135607 0.0000143 570
273 0.0164319 0.0000247 14544
274 0.0164282 0.0000262 5924
275 0.0756936 0.0000292 349595
276 0.0276842 0.0000524 105025
277 0.0158547 0.0003965 6131
278 0.0156094 0.0000038 10685
279 0.0135663 0.0000106 3665
280 0.0126028 0.0003302 1514
281 0.0155987 0.0000321 8841
282 0.0168149 0.0000175 17465
283 0.0145990 0.0000192 4895
284 0.0125080 0.0000126 134
285 0.0168063 0.0000264 9210
286 0.0163930 0.0000546 21463
287 0.0128216 0.0005079 2356
288 0.0164133 0.0000351 23956
289 0.0135467 0.0000261 3353
290 0.0104130 0.0000212 1
291 0.0218836 0.0000132 57426
292 0.0146020 0.0000208 6660
293 0.0150907 0.0005459 7348
294 0.0135560 0.0000072 3078
295 0.0176692 0.0000175 31197
296 0.0836411 0.0000921 470509
297 0.0128265 0.0005014 1783
298 0.0145649 0.0000041 12106
299 0.0156029 0.0000162 8277
300 0.0262886 0.0000462 89382
301 0.0163861 0.0000554 12385
302 0.0249499 0.0000884 122621
303 0.0125187 0.0000221 1591
304 0.0467654 0.0000771 256853
305 0.0164417 0.0001429 23955
306 0.0248342 0.0000658 49734
307 0.0104070 0.0000236 0
309 0.0240231 0.0000497 42300
310 0.0262734 0.0000455 89382
311 0.0871409 0.0001055 781474
312 0.0220727 0.0003483 57781
313 0.0850611 0.0000893 260595
314 0.2327652 0.0018006 291589
315 0.1163689 0.0009841 246825
316 0.0125000 0.0000172 2680
317 0.0123712 0.0000134 1
318 0.0321240 0.0000768 8135
322 0.0124300 0.0000510 0
323 0.0123571 0.0000147 128
324 0.0134100 0.0000132 959
325 0.1261924 0.0002493 1170095
326 0.0135548 0.0000113 107
327 0.0141563 0.0000531 316
328 0.0135469 0.0000106 1051
329 0.0135519 0.0000096 383
330 0.0135526 0.0000110 116
331 0.0141647 0.0000436 997
332 0.0135413 0.0000139 206
333 0.0135475 0.0000128 96
334 0.0497116 0.0006033 329816
335 0.0135478 0.0000042 1142
336 0.0135436 0.0000129 409
337 0.0135425 0.0000162 268
338 0.3421331 0.0014098 2004929
339 0.0963586 0.0002292 843968
340 0.0135473 0.0000057 235
341 0.0103941 0.0000083 1
342 0.0245252 0.0002535 26206
343 0.0171560 0.0000168 13517
344 0.0156912 0.0004030 3182
345 0.0258955 0.0002091 28872
346 0.1139377 0.0002342 843967
347 0.0113061 0.0000171 0
348 0.0124981 0.0000050 75
350 0.1309588 0.0002968 996950
351 0.2346113 0.0011463 966899
352 0.0114437 0.0000292 1
353 0.0871068 0.0000571 903514
354 0.2223557 0.0010673 966899
356 0.1665714 0.0011957 12360733
357 0.0826117 0.0001205 1697681
358 0.0123515 0.0000177 1
359 0.0212018 0.0001993 192
360 0.0289321 0.0005713 10047
361 0.0357387 0.0003912 14707
362 0.0200842 0.0004342 1704
365 0.0127039 0.0000558 53
367 0.0143165 0.0002173 601
368 0.0203830 0.0003679 5856
369 0.0790382 0.0001868 290937
370 0.0179557 0.0000175 4086
371 0.0211732 0.0003387 30030
372 0.0136822 0.0002918 239
373 0.0295671 0.0001236 109029
374 0.0183709 0.0004448 789
375 0.0142196 0.0001419 269
376 0.0158555 0.0004243 900
377 0.0125050 0.0000264 13
378 0.0114522 0.0000108 59
379 0.0139406 0.0003350 289
380 0.1242442 0.0001824 1088152
381 0.0146191 0.0000066 311
382 0.0142099 0.0000444 891
383 0.0135475 0.0000097 57
384 0.0142168 0.0001468 537
385 0.0146199 0.0000179 1006
386 0.0146264 0.0000172 390
387 0.0233957 0.0002088 24859
388 0.0363327 0.0000983 75470
389 0.0179486 0.0000243 3848
390 0.0141777 0.0000568 146
391 0.0184635 0.0004379 3835
392 0.5198984 0.0019756 2498646
393 0.0136738 0.0002691 127
394 0.0253903 0.0000637 122137
395 0.2894779 0.0020463 1363411
396 0.0135412 0.0000266 179
397 0.0171651 0.0000183 5942
398 0.0162704 0.0000098 3168
399 0.0205755 0.0000082 28849
400 0.0189355 0.0002672 8201
401 0.0141736 0.0000451 439
402 0.0135450 0.0000108 27
403 0.0195376 0.0003497 11601
404 0.0170183 0.0002682 2386
405 0.0104026 0.0000119 1
406 0.0103973 0.0000246 1
407 0.0160986 0.0003440 783
408 0.3686926 0.0015117 1085122
409 0.0255726 0.0000549 61698
410 0.0197229 0.0000101 24629
411 0.6341695 0.0019769 2498645
412 0.0162740 0.0000124 1973
413 0.3466333 0.0017479 1363410
414 0.0160219 0.0003993 693
415 0.0205742 0.0000062 28848
416 0.1632745 0.0007856 1111408
417 0.0162670 0.0000118 2938
418 0.0142253 0.0001468 644
419 0.0105025 0.0003323 0
420 0.0103968 0.0000178 0
421 0.1110475 0.0001743 877571
422 0.0145140 0.0000177 1
423 0.0129129 0.0005351 26817
424 0.2200074 0.0012034 78689
425 0.0124751 0.0003286 38715
426 0.0209378 0.0000219 24598
427 0.0580941 0.0003041 343827
428 0.2338696 0.0014547 2980690
429 0.0125201 0.0000392 1
430 0.0156590 0.0000110 6997
432 0.0530807 0.0004389 148521
433 0.0135971 0.0000118 121
434 0.0167034 0.0000133 10807
435 0.0311308 0.0005077 40612
436 0.0240793 0.0000277 13698
437 0.0188024 0.0000166 14188
438 0.0177527 0.0000121 15692
439 0.1868799 0.0013781 1357292
440 0.0252051 0.0003314 40274
441 0.0167067 0.0000055 9132
442 0.0135927 0.0000185 33
443 2.4450797 0.0055260 9181545
444 0.0146470 0.0000245 224
445 0.0383424 0.0009685 148635
447 0.0135987 0.0000160 2
448 0.0720979 0.0005194 190623
449 0.0767822 0.0014548 595733
453 0.0522813 0.0015352 471980
454 0.0369172 0.0006141 187488
455 0.0186765 0.0000157 623
456 0.0197371 0.0000265 6603
457 0.0218761 0.0000170 54309
458 0.2883688 0.0011982 2312241
459 0.0654580 0.0016937 907443
460 0.0281187 0.0000166 58404
461 0.0561836 0.0010881 323338
462 0.0450065 0.0005714 114246
463 0.0716098 0.0013386 332244
464 0.6707633 0.0023707 10728036
465 0.0310057 0.0005139 250
466 0.0208057 0.0000250 3172
467 0.0226036 0.0005070 40641
468 0.0239532 0.0000267 75658
469 0.0186554 0.0000199 25297
470 0.0935290 0.0012381 372911
471 0.0165672 0.0000271 19764
472 2.0686630 0.0052836 37325506
473 0.0574601 0.0012800 412629
474 0.0155204 0.0000285 4
475 0.0823626 0.0003836 1389450
476 0.0176258 0.0000061 3849
477 0.0785044 0.0006208 720660
478 0.0176246 0.0000061 7072
479 0.0355128 0.0000141 196991
480 0.0981961 0.0005702 1407164
482 0.0177287 0.0003303 15674
483 0.1418639 0.0013463 2482606
484 0.0145138 0.0000153 34
485 0.0225934 0.0004947 14950
486 0.1684475 0.0005584 3223122
487 0.0950013 0.0008862 1002697
488 0.2347897 0.0013293 2806245
489 0.0238326 0.0003368 46544
490 0.0491754 0.0008145 298949
491 1.1237985 0.0043649 20625442
492 0.0218696 0.0000095 21673
493 0.0185758 0.0003327 15654
495 0.0239410 0.0000259 5007
496 0.0177301 0.0003191 10669
497 0.0155283 0.0000067 503
498 0.0197301 0.0000192 0
499 0.0176318 0.0000124 1217
500 0.0430349 0.0004092 217394
501 0.0176206 0.0000126 9804
502 2.1358032 0.0064279 38410384
503 0.0302823 0.0000152 120157
504 0.0229366 0.0000233 67395
505 0.0211327 0.0005061 1
506 0.0161597 0.0005322 4606
507 0.0363582 0.0001944 13685
508 0.0493443 0.0008687 304233
509 0.0218730 0.0000125 44
510 0.5419060 0.0012977 7431
511 0.0134645 0.0000135 0
512 0.0354729 0.0000201 18895
513 0.0622695 0.0010520 619721
514 0.5314896 0.0018563 10939242
515 1.9295331 0.0054484 31279152
516 0.0260248 0.0000186 99335
517 0.0458574 0.0011900 299672
518 0.0201700 0.0005573 28466
519 0.0303154 0.0000258 168371
520 2.6053231 0.0099436 47822521
521 0.0610844 0.0006464 535787
522 0.6570554 0.0025887 11773978
523 0.0597058 0.0009217 412629
524 0.0347300 0.0005114 38542
525 0.0145345 0.0000185 9
526 0.0197350 0.0000244 12049
527 0.0145088 0.0000170 46
528 0.0243410 0.0005316 6312
529 0.0155039 0.0000400 24
531 0.0184592 0.0004361 3331
532 0.1669743 0.0008195 2043472
533 0.0176260 0.0000050 440
534 0.0145301 0.0000200 419
535 0.0550615 0.0008005 547067
536 0.0249756 0.0000208 58191
537 0.5271521 0.0018866 8765836
538 0.0588861 0.0006864 679117
539 0.0182453 0.0005310 18635
540 5.4459537 0.0148611 90321703
541 0.0615450 0.0006528 856148
542 0.0176244 0.0000059 6630
543 0.0165715 0.0000132 353
544 0.0165696 0.0000129 1980
545 2.9332808 0.0061473 55722209
546 0.0218607 0.0000236 35915
547 0.0594126 0.0005835 439163
548 0.0197402 0.0000258 16711
549 0.0209117 0.0003367 47444
550 0.0475166 0.0005147 402620
551 0.1355238 0.0009647 1978576
552 0.1824402 0.0009557 2500603
553 0.0486279 0.0008774 268452
554 0.0623752 0.0007919 406072
555 0.0176280 0.0000079 40268
556 0.1689073 0.0006149 2651800
557 4.3995730 0.0105889 75238748
558 0.0506521 0.0010935 363518
559 0.0155374 0.0000385 126
560 0.0239310 0.0000237 27850
561 0.0840260 0.0008588 1242624
562 0.0628847 0.0008974 550791
563 0.0229144 0.0000247 70830
564 0.0165738 0.0000154 7318
565 0.1267546 0.0004621 2197996
566 0.0357147 0.0003919 82820
567 0.0155373 0.0000337 223
568 0.0281439 0.0000305 62734
569 0.4765652 0.0016931 9182055
570 0.5239123 0.0022199 10915035
571 0.0187719 0.0003326 490
572 0.0232110 0.0005107 10331
573 0.8192408 0.0017603 10609468
574 0.0302938 0.0000154 75043
575 3.4654036 0.0142733 58080849
577 0.0218667 0.0000280 4349
578 0.0281433 0.0000262 15293
579 0.0369272 0.0006680 109733
580 0.0551027 0.0012022 586513
581 0.2954257 0.0015833 2334221
582 0.2432070 0.0015565 4094002
583 0.0229290 0.0000135 50518
584 1.0124846 0.0024387 17155132
585 0.3200102 0.0018196 5920180
586 0.0648890 0.0016860 630275
587 0.0261222 0.0003489 26160
588 0.0638947 0.0010795 795778
589 0.1540531 0.0006790 2261878
590 0.0344696 0.0000130 199106
591 0.0538855 0.0009230 527700
592 0.0274097 0.0005193 125051
593 0.0239314 0.0000164 45892
594 0.0155221 0.0000149 104
595 0.0219753 0.0003230 13303
596 0.0197409 0.0000295 15015
597 0.1164712 0.0013580 802694
598 0.0394675 0.0004320 90422
599 0.0157360 0.0004294 1605
601 0.0230072 0.0003139 45
602 0.6787154 0.0015472 10725156
603 0.0282569 0.0003310 95401
604 0.0353734 0.0003324 17215
605 0.3212987 0.0013793 5916824
606 0.0230250 0.0003232 44
609 0.2494691 0.0007819 2980689
610 0.0176442 0.0000520 82052
611 0.0155413 0.0000169 4531
612 0.0239653 0.0000295 245925
613 0.0241759 0.0004397 188351
614 0.0145234 0.0000192 0
616 0.0155410 0.0000200 7272
617 0.0400008 0.0005052 581652
618 0.0155289 0.0000122 18192
619 0.0155251 0.0000191 50091
620 0.0155291 0.0000291 4889
621 0.0152023 0.0004856 2
622 0.0135989 0.0000112 0
625 0.0239258 0.0000225 27850
626 0.4755293 0.0025972 9182055
628 0.0145304 0.0000196 78
629 0.0145182 0.0000237 29
630 0.0145186 0.0000222 1
631 0.0144559 0.0000467 228
632 0.0125015 0.0000109 16
633 0.0217845 0.0001711 31
634 0.0181667 0.0003565 61
635 0.0218481 0.0001818 30
637 0.0126988 0.0000608 8
638 0.0127098 0.0000442 4731
639 0.0153938 0.0000669 140
640 0.0613301 0.0005497 22336
641 0.0390853 0.0003284 781
642 0.0609147 0.0005333 17700
643 0.0622065 0.0004894 22335
644 0.0616576 0.0005679 17699
645 0.0125080 0.0000169 0
649 0.0223146 0.0000343 47609
651 0.0306040 0.0000476 211
652 0.3659465 0.0016897 642941
655 0.0134705 0.0000083 0
656 0.1170142 0.0012644 22291
657 0.1166770 0.0013874 17474
658 0.1168210 0.0010017 22291
659 0.1162941 0.0011901 17474
660 0.0135818 0.0000087 1
