1 0.014544112 0.790141131 6
2 0.014629782 0.5724770309999999 20
4 0.023891411 2.974530932 16
5 0.023932342000000002 2.972657849 18
6 0.023935276999999998 2.971324237 17
8 0.014535488 0.7889984910000001 7
9 0.014565447 0.7888825500000001 6
10 0.020819327000000002 2.9700905040000003 42
11 0.6862177199999999 2.41422796 37280216
12 0.013561021000000001 0.7926690200000001 6
13 0.01353239 0.798912245 6
14 0.014563926 0.7999347269999999 6
15 0.014538141 0.794695449 6
16 0.014567556 0.793620388 6
17 0.014529662 0.802846632 6
18 0.014558418 0.7992653399999999 6
19 0.014564305 0.7986466780000001 6
20 0.014563647 0.8026242560000001 6
22 0.013564143 0.8077200370000001 7
23 0.013564890999999999 0.800848696 5
24 0.020486628 0.5875658610000001 36
25 0.013556384 0.801335316 7
26 0.014564045 0.794902604 8
27 0.013535928 0.7969026680000001 4
28 0.013563424999999999 0.802325922 5
29 0.014583163 0.805681838 5
30 0.010412326 0.798956806 1
31 0.014587105 0.801428703 6
32 0.012420358 0.8019123880000001 3
33 0.013580122 0.795886325 5
34 0.013551369 0.7992897809999999 9
35 0.013554776 0.790746622 6
36 0.013560815 0.7927894129999999 6
37 0.014565116 0.79338672 6
38 0.046837025000000004 2.995569415 237
39 0.013555341 0.7909438689999999 5
40 0.014699898999999999 0.7946098810000001 6
41 0.013555781000000001 0.794874286 7
42 0.013532635 0.803297634 5
43 0.013515501000000048 0.795772941 7
44 0.013559825000000001 0.797695275 7
45 0.014607262000000001 0.802876013 7
46 0.013562019 0.802969785 7
47 0.013559556 0.802407917 7
48 0.014568457 0.802576861 7
49 0.013563484 0.799495934 4
50 0.013555401 0.7961613630000001 4
51 0.013583896 0.794880262 4
52 0.013558466 0.789550809 4
53 0.013559857 0.788658977 4
54 0.013561214999999967 0.794088839 4
55 0.013561819 0.801305862 4
56 0.013557805000000001 0.795195449 4
57 0.013562406 0.796646669 4
59 0.020798928 3.026457368 16
60 0.02079623 3.021912139 20
61 0.020755801 2.997095861 19
62 0.19437553200000002 0.5415165470000001 302258
63 0.19604895299999997 0.5369553199999999 302257
64 0.028169825 3.007843019 113
65 0.014575290999999999 0.7993891759999999 6
66 0.01456444 0.801003536 6
67 8.412515781 1.059499159 172543
68 0.013560165999999998 0.809515762 4
69 0.013592337999999999 0.810427561 4
70 0.013467727 0.8158655549999999 4
71 0.01145765 0.815984022 2
72 0.061756526 0.543075748 22336
73 0.015440418 0.573808454 30
74 0.014603658 0.7918771950000001 7
75 0.014566629000000001 0.795521013 6
76 0.014564157999999999 0.7928518769999999 6
77 0.014564701999999999 0.7991581160000001 6
78 0.014603401 0.7949701480000001 6
79 0.014608870000000001 0.798205033 5
80 0.014584004999999999 0.7972796870000001 5
81 0.015520540999999999 2.987599645 2
83 0.013589836 0.8012194930000001 5
84 0.019771017 2.9817160940000003 22
85 0.014566915000000001 0.7910085870000001 7
86 0.014587493 0.7901383000000001 7
87 0.013560316000000001 0.789194419 5
88 0.014643633 0.789042135 5
89 0.014544387 0.7888684010000001 7
90 0.013558032999999999 0.788066057 6
91 0.010414675 0.789663616 1
92 0.014511023 0.7889374109999999 6
96 0.013554893 0.789060666 5
98 0.022923399 2.973586534 115
99 0.013586635 0.788652733 4
100 0.016269723 0.5704934810000001 46
102 0.060959371 0.534332167 17700
103 0.013560045 0.789248282 5
105 0.016278091 1.6757091259999999 1
107 0.013573088 0.789071905 5
108 0.023963463 2.975898685 71
109 0.013559456000000001 0.7888391 5
110 0.012509962999999999 0.788734679 3
111 0.014558164 0.792103484 6
112 0.013578524 0.789388623 5
113 0.013591964 0.7912743470000001 5
114 0.010395608 0.571745611 1
115 0.062175619 6.500624643 21549
117 0.010392216000000001 0.585745919 0
118 0.019773152999999998 2.977828277 14
122 0.010461801 0.569815172 0
123 0.018675465 2.97529723 13
124 6.616376817 4.354337496 76388701
125 0.028692321 4.359525616999999 27850
126 0.716594573 4.40814125 9183151
127 0.06504543 4.415109931 527701
132 10.407320982999998 2.972152462 60480400
134 0.013602175999999999 2.3958823799999998 0
136 0.09081139599999999 1.4144981140000001 1246249
137 0.10838869999999999 1.6762617480000002 1008687
138 0.020124879000000002 1.676176405 79853
139 0.018497351999999998 1.334830518 24856
144 0.011430463 0.878002324 1
145 0.016258932 1.6782260009999999 5554
146 0.024417605 1.675077482 41592
148 0.027166893 1.9566716629999998 18793
149 0.015581888 1.659958327 43405
150 0.015561103 1.655671113 50972
153 0.011318161 1.032395303 0
156 0.6699516600000001 2.971048193 11927180
157 0.12665934 2.974518676 136607
158 0.020594141 1.3685342390000002 459
159 0.017199409 1.368119948 239
160 0.026683481 1.369553496 10666
161 0.164793891 1.371960381 471026
162 0.131918818 1.367411894 284700
163 0.017297481 1.367236984 12107
164 0.015249085999999999 1.36903694 20
165 0.015272967 1.369045669 9
166 0.019754235000000002 1.3691140400000001 1507
167 0.01447954 1.37034753 3
168 0.522515113 1.366959372 986775
169 0.542879365 1.3692612080000002 2517306
170 0.11743453200000001 1.3766764089999999 195192
171 0.021905756000000002 1.3931650830000002 23347
172 0.015219452999999999 1.377341391 46
173 0.016417407 1.384107388 2064
174 0.01722634 1.388954659 4200
175 0.015278215 1.385100615 6
176 0.015266494 1.382657132 19
177 0.013441432000000001 1.373656717 1
178 0.016469181 1.391587621 5477
179 0.030211445 1.3924053760000001 12922
180 0.015285645 1.394400696 7
189 0.047471426 2.989117776 99648
194 0.041509703 2.977774203 61755
195 0.49985410100000005 3.817049114 9182983
198 0.018656499 2.975668853 13656
199 0.015524852 2.978191977 9107
200 0.99697654 2.9782067629999998 6213934
201 0.013623308 2.3980011919999997 0
202 0.013603904 2.399416156 0
203 0.633284045 2.975876897 6207926
204 0.014318027 3.8164027060000003 754
205 2.2861078310000003 2.9770605440000004 9354941
206 0.137818315 2.9752403149999997 519474
207 15.815877819 2.9715150290000003 90668763
208 0.036445995 2.973284449 141
210 0.016958731 1.116192114 1153
212 0.011170257 4.282357567 0
213 9.24964284 4.283305894000001 7144
214 0.244870867 3.872053315 979618
217 0.15003403899999998 0.579502694 2524828
218 0.043236883000000004 0.83311823 100654
219 0.023025211 0.8335608959999999 44946
220 0.207049726 0.835035158 666755
221 0.025761145 1.414685096 175856
223 0.026346255000000002 1.4131465779999999 120963
224 0.06654143 1.4147136969999998 1044293
225 0.047354956 1.415493465 515234
226 0.043176142 1.413776167 346494
227 0.021903768 1.4140479879999999 110668
228 0.091065627 1.41395153 1246249
229 0.041309097999999995 1.415888104 330263
230 0.016229836 1.412288697 10634
231 0.08726753999999999 1.4139221839999998 707921
232 0.011291306000000001 1.4138061060000002 0
233 0.023330714 1.4126719980000002 137062
234 0.021297442 1.4125593360000002 210707
235 0.015620807 0.7893594890000001 10651
236 0.013539227000000001 0.789823274 1583
237 0.013554176999999999 0.789028526 2137
238 0.012509257 0.791447849 903
239 0.012505668 0.7880162909999999 1174
240 0.016820613 0.789149086 23043
241 0.016828443999999998 0.7895799520000001 38974
242 0.022697951 0.790073626 57427
243 0.024138441 0.7891769359999999 129623
244 0.013641255 0.7892002020000001 3079
245 0.013556519 0.7888981979999999 2692
246 0.029140612 0.7890143030000001 163913
247 0.022746563999999997 0.790808488 63946
248 0.016851941 0.7902702260000001 31198
249 0.07083339200000001 0.789018018 470510
250 0.08284185000000001 0.790033659 698052
251 0.015588167 0.790207127 6971
252 0.012525705 0.789443586 267
253 0.074862808 0.790483572 781475
254 0.016836544000000002 0.7895468769999999 40411
255 0.01560277 0.788816608 16737
256 0.042103418 0.788487963 255719
257 0.06922979300000001 0.7896921680000001 509196
258 0.01145968 0.788454068 328
259 0.048249163 0.789801825 223250
260 0.019331864 0.7899195600000001 57782
261 0.012508288000000001 0.788712711 853
262 0.012507065000000001 0.78958348 791
263 0.014563700999999998 0.7881247560000001 5457
264 0.016820468 0.789054684 17017
265 0.040040223 0.78965246 261362
266 0.101538214 0.7903787959999999 986547
267 0.013527337 0.795134377 1983
268 0.011457653 0.7882084100000001 42
269 0.013555978 0.789683292 1827
270 0.012508464 0.789409305 415
271 0.013547040000000002 0.789153706 861
272 0.013558206 0.789764743 570
273 0.016427189 0.789382621 14544
274 0.016448989 0.789893071 5924
275 0.075739951 0.7885306529999999 349595
276 0.027685313 0.7900383419999999 105025
277 0.016421072000000002 0.790425 6131
278 0.015607326 0.78871987 10685
279 0.013559759 0.789201616 3665
280 0.012489638999999999 0.789293995 1514
281 0.015607795 0.789838331 8841
282 0.016818361 0.789980527 17465
283 0.014609393 0.788883463 4895
284 0.012477972 0.79068136 134
285 0.016815146 0.789608409 9210
286 0.016417231 0.79031578 21463
287 0.012510176 0.789827522 2356
288 0.016443151000000003 0.7894923739999999 23956
289 0.013542403 0.788980608 3353
290 0.010406842000000001 0.789256063 1
291 0.021884938 0.790929247 57426
292 0.014607847 0.788800045 6660
293 0.015591323 0.7891277369999999 7348
294 0.013557742 0.789016066 3078
295 0.017670567999999998 0.788507314 31197
296 0.083712717 0.789792562 470509
297 0.013558499 0.789598669 1783
298 0.014571177 0.788860245 12106
299 0.015614283 0.789273439 8277
300 0.026306651 0.78870631 89382
301 0.016391786 0.78908705 12385
302 0.024935587999999998 0.790249906 122621
303 0.012479857 0.789507034 1591
304 0.046813875 0.8113996090000001 256853
305 0.016395598 0.797405569 23955
306 0.024799949 0.798899147 49734
307 0.010345464 0.7931888100000001 0
309 0.023994691999999998 0.802125723 42300
310 0.026309125 0.806760343 89382
311 0.08719768400000001 0.795078365 781474
312 0.02193852 0.790386669 57781
313 0.08505304799999999 0.8025598589999999 260595
314 0.230688739 1.69910527 291589
315 0.11628839099999995 3.23130685 246825
316 0.012528858 0.790405111 2680
317 0.012378505 1.6906137190000001 1
318 0.032197248999999956 1.358443668 8135
322 0.012485638 0.511140874 0
323 0.012335964 1.123055964 128
324 0.013411175999999999 1.119546662 959
325 0.126280674 0.58573085 1170095
326 0.013554515 0.578123289 107
327 0.014234370000000001 0.584327922 316
328 0.013548176 0.5834323880000001 1051
329 0.013551575000000001 0.5822098760000001 383
330 0.013553423 0.5837046680000001 116
331 0.014150772 0.589247272 997
332 0.013552847 0.581615981 206
333 0.013519088 0.581779815 96
334 0.050136832000000055 0.577290024 329816
335 0.013547555000000001 0.577341968 1142
336 0.013544555 0.5777869880000001 409
337 0.013549243 0.5780156019999999 268
338 0.341017001 0.577692863 2004929
339 0.096542812 0.582823193 843968
340 0.013552651 0.586595573 235
341 0.01037204 0.585866575 1
342 0.024841922 0.5841613670000001 26206
343 0.017161093000000002 0.5848006729999999 13517
344 0.01628716 0.589134227 3182
345 0.026102030999999998 0.588156077 28872
346 0.11434709600000001 0.5865781010000001 843967
347 0.011283967 1.18246794 0
348 0.012497514 0.5872643989999999 75
350 0.131116244 0.8892434379999999 996950
351 0.235727418 0.8874875409999999 966899
352 0.011463270000000001 0.885968519 1
353 0.087116547 0.8825184420000001 903514
354 0.22296201000000002 0.883696177 966899
356 0.16709296299999998 3.296369319 12360733
357 0.08270527899999999 1.435424161 1697681
358 0.012366605 1.433131625 1
359 0.021269114000000002 1.084952892 192
360 0.029375408999999998 1.4153928219999998 10047
361 0.036053598 1.4172930959999999 14707
362 0.020592565 1.415396752 1704
365 0.012743057 0.544790647 53
367 0.014620295 0.5735978540000001 601
368 0.020578831 0.5757684129999999 5856
369 0.07913864699999999 0.574513837 290937
370 0.017952455000000003 0.5751727839999999 4086
371 0.021076376 0.574258049 30030
372 0.01354622900000005 0.574622945 239
373 0.029715836 0.572508435 109029
374 0.018792358 0.573676543 789
375 0.014207869000000001 0.575451059 269
376 0.016267628 0.574054272 900
377 0.012494717999999993 0.574244275 13
378 0.011451007 0.574780803 59
379 0.014153604 0.575533257 289
380 0.124457337 0.573927887 1088152
381 0.014623571 0.574032231 311
382 0.014212174999999999 0.57356006 891
383 0.013545965 0.574010525 57
384 0.014243739 0.575228111 537
385 0.014626130999999999 0.5741865899999999 1006
386 0.01463412 0.575011691 390
387 0.023490333999999998 0.573800734 24859
388 0.036402964 0.5749001509999999 75470
389 0.01798029 0.573610884 3848
390 0.014178264 0.574944799 146
391 0.018800515 0.5748270910000001 3835
392 0.522427597 0.5752568170000001 2498646
393 0.013555709999999999 0.5754514639999999 127
394 0.025415133000000003 0.5742898989999999 122137
395 0.288576452 0.574453132 1363411
396 0.013565178 0.573989015 179
397 0.017162177 0.573866424 5942
398 0.016271137 0.574161207 3168
399 0.020571884 0.575369165 28849
400 0.018865052 0.573508643 8201
401 0.014190875 0.5733122460000001 439
402 0.013550198000000001 0.574680837 27
403 0.019713441999999998 0.574226483 11601
404 0.017113678 0.574973019 2386
405 0.010398513000000002 0.574172924 1
406 0.010366977999999999 0.574787235 1
407 0.016272758 0.574390717 783
408 0.366830292 0.5763770530000001 1085122
409 0.02565453 0.576527451 61698
410 0.019727724999999977 0.573946105 24629
411 0.6313725849999999 0.573616792 2498645
412 0.016288254999999998 0.57395571 1973
413 0.34479881199999995 0.573714478 1363410
414 0.016277722 0.574447844 693
415 0.020589876 0.574323676 28848
416 0.163939144 0.573530277 1111408
417 0.016266461 0.574976935 2938
418 0.014205029000000001 0.574349267 644
419 0.010397583 0.57380948 0
420 0.010394582000000001 0.5752211979999999 0
421 0.111158403 0.573620083 877571
422 0.014485973 2.993910961 1
423 0.013549991 0.657980286 26817
424 0.220034984 1.550698227 78689
425 0.012399466 1.240679431 38715
426 0.020944421999999997 2.410471926 24598
427 0.058004408 2.409248557 343827
428 0.23529128000000002 2.4101304900000002 2980690
429 0.012503255999999999 2.4113848709999997 1
430 0.015676355 2.411087512 6997
432 0.052796019 2.412052801 148521
433 0.013597103999999999 2.409812202 121
434 0.01672711 2.410135241 10807
435 0.031444937 2.408842378 40612
436 0.024138121999999998 2.408687574 13698
437 0.018771312999999998 2.4065016609999996 14188
438 0.017751436000000002 2.409984281 15692
439 0.188031462 2.41090765 1357292
440 0.025099111 2.41107579 40274
441 0.016701281999999998 2.4121324410000002 9132
442 0.013598628 2.409607873 33
443 2.4503087349999997 2.406962142 9181545
444 0.014650503 2.41399538 224
445 0.038232749 2.410872408 148635
447 0.013605396 2.409366139 2
448 0.071805205 2.406419835 190623
449 0.07816107700000001 2.411562024 595733
453 0.051428724 2.9933226009999996 471980
454 0.036688148999999996 2.987245455 187488
455 0.018701171 2.991640918 623
456 0.019723248999999998 2.991383153 6603
457 0.021868932 2.992103351 54309
458 0.288870664 2.99097193 2312241
459 0.064105424 2.98664592 907443
460 0.028115685 2.9910898969999997 58404
461 0.055759264 2.99095757 323338
462 0.045011224 2.9881932289999997 114246
463 0.073821248 2.9903147409999997 332244
464 0.671845856 2.9886053280000002 10728036
465 0.031314855 2.9863348590000003 250
466 0.020777958 2.9913826830000003 3172
467 0.022929295 2.9905700690000003 40641
468 0.023937405 3.020533965 75658
469 0.018678126 3.0174063859999998 25297
470 0.09631994899999999 3.026092154 372911
471 0.016549604 3.0426767060000004 19764
472 2.064706933 3.060141881 37325506
473 0.056614458 2.9936584500000003 412629
474 0.015488825000000001 2.993841921 4
475 0.083067602 2.975851836 1389450
476 0.017619798 2.9768696329999997 3849
477 0.077713348 2.976668622 720660
478 0.017618477 2.96979128 7072
479 0.035518215 2.9705202429999997 196991
480 0.099070988 2.9719069019999997 1407164
482 0.017623159 2.97471667 15674
483 0.140566155 2.975321627 2482606
484 0.014516246 2.975804025 34
485 0.022888342 2.9776720329999997 14950
486 0.167762221 2.9777856970000003 3223122
487 0.096852349 2.9764920320000003 1002697
488 0.23366353300000006 2.9758184109999997 2806245
489 0.023925798999999998 2.972733445 46544
490 0.048518907 2.970300402 298949
491 1.1161354380000001 2.97318486 20625442
492 0.021877286 2.976004665 21673
493 0.018692135999999998 2.9746509270000003 15654
495 0.023907862000000002 2.975032204 5007
496 0.017632338 2.972050497 10669
497 0.015529303 2.973078305 503
498 0.019729268 2.972975524 0
499 0.017612621 2.973440136 1217
500 0.042819612 2.974381985 217394
501 0.017631038 2.9733783799999998 9804
502 2.137155418 2.97329563 38410384
503 0.030285554 2.975255164 120157
504 0.022971975 2.97299613 67395
505 0.02079618 2.9725269279999997 1
506 0.016588213 2.973942997 4606
507 0.036267706 2.979564387 13685
508 0.049986914 2.975841011 304233
509 0.021879856 2.978603679 44
510 0.541321378 2.978210824 7431
511 0.013478239 2.974309412 0
512 0.035491126 2.972310755 18895
513 0.065143938 2.978105301 619721
514 0.531748754 2.977500905 10939242
515 1.933977249 2.978539617 31279152
516 0.026003381000000002 2.971274759 99335
517 0.045070277 2.973068277 299672
518 0.02083345 2.9730080389999998 28466
519 0.030288324000000002 2.972012753 168371
520 2.612090193 3.045427419 47822521
521 0.060937506999999995 3.011009851 535787
522 0.658684735 2.995710634 11773978
523 0.059820132 2.984747679 412629
524 0.034394372000000006 2.972588034 38542
525 0.014555858 2.979057285 9
526 0.019742356 2.978091525 12049
527 0.014520225000000001 2.971738566 46
528 0.02392605 2.980669741 6312
529 0.015523154 2.973562012 24
531 0.018677417 2.969613716 3331
532 0.167787921 2.969611997 2043472
533 0.017627526999999997 2.970757059 440
534 0.014525455 2.971213768 419
535 0.054519353 2.976021401 547067
536 0.024953938999999998 2.991774731 58191
537 0.5271239320000001 2.999710537 8765836
538 0.059190309999999996 2.991597341 679117
539 0.018641484 2.9807161719999997 18635
540 5.456243492 2.998979016 90321703
541 0.060746153 2.9741005400000002 856148
542 0.017620898 2.9917961699999998 6630
543 0.016542401999999998 3.0250226099999997 353
544 0.016572491 3.024600237 1980
545 2.931187614 3.048578961 55722209
546 0.021823317999999998 3.001999007 35915
547 0.06060644200000004 3.025257345 439163
548 0.019775088 3.018643614 16711
549 0.021863722000000002 2.99428567 47444
550 0.046964506999999996 3.0028229360000003 402620
551 0.13483365900000002 3.0235894300000004 1978576
552 0.18358186799999998 2.998802464 2500603
553 0.050793344 3.002932059 268452
554 0.061704078 2.99095655 406072
555 0.017646171 2.977517168 40268
556 0.16901402199999999 3.002932505 2651800
557 4.389100096 2.977771373 75238748
558 0.049951889000000006 2.973861429 363518
559 0.015528667999999999 2.9837199759999997 126
560 0.023985229 3.003206639 27850
561 0.084334647 3.002749767 1242624
562 0.062028991 3.004913722 550791
563 0.022916226999999997 3.0256763429999998 70830
564 0.016568376 3.023122517 7318
565 0.12668947 3.005318126 2197996
566 0.036581368999999996 2.997491523 82820
567 0.015527808 2.971514749 223
568 0.028137785 2.972845096 62734
569 0.474345944 2.972499006 9182055
570 0.524296676 2.977154306 10915035
571 0.018656432 2.973249836 490
572 0.022876405 2.9727294 10331
573 0.817524962 2.9707502000000003 10609468
574 0.030300686 2.9731076329999997 75043
575 3.468231693 2.974975766 58080849
577 0.02187665 2.97576821 4349
578 0.028117028 2.974164645 15293
579 0.036308059000000004 2.977171643 109733
580 0.054216167999999995 2.974810386 586513
581 0.29435901000000003 2.9733473650000004 2334221
582 0.243398438 2.975234753 4094002
583 0.022930019 2.975955807 50518
584 1.0092833669999999 2.9784193909999996 17155132
585 0.318565828 2.9744250350000003 5920180
586 0.06778292 2.975404089 630275
587 0.026029807000000002 2.9749208709999997 26160
588 0.063143956 2.976587347 795778
589 0.153763959 2.971830773 2261878
590 0.034467343 2.975454326 199106
591 0.052799904 2.976431872 527700
592 0.027081793 2.971317838 125051
593 0.023927255 2.971614168 45892
594 0.015522815 2.972251919 104
595 0.021870941999999997 2.973341413 13303
596 0.019721559 2.974662265 15015
597 0.11840367 2.988400327 802694
598 0.039322705 2.986987483 90422
599 0.015526416999999999 2.979885022 1605
601 0.022869552 2.9759321400000003 45
602 0.679248876 2.985510036 10725156
603 0.028106625 2.9946169879999998 95401
604 0.035468011 3.022095187 17215
605 0.322607405 2.978426228 5916824
606 0.022935276 2.973687708 44
609 0.249276361 2.394208235 2980689
610 0.017636329000000003 2.97254886 82052
611 0.015528339 2.972338333 4531
612 0.023946086999999998 2.9736730529999997 245925
613 0.025006232 2.974494645 188351
614 0.014527186 2.9793476230000002 0
616 0.015520736 2.976826076 7272
617 0.04037545 2.977601108 581652
618 0.015529504999999999 2.9748587730000002 18192
619 0.015497174 2.975421687 50091
620 0.015506619000000001 2.973717401 4889
621 0.014463712 2.974506477 2
622 0.013601358000000001 2.395781016 0
625 0.023916317 2.975134268 27850
626 0.476152447 2.972933654 9182055
628 0.014534674999999999 2.973726363 78
629 0.014526358 2.97288898 29
630 0.01449073 2.9778374330000004 1
631 0.014469994 0.608634048 228
632 0.012498321 0.6073006729999999 16
633 0.021876455000000003 0.60810544 31
634 0.018010197 0.609862826 61
635 0.021851406 0.6070301339999999 30
637 0.0127535 0.534484488 8
638 0.012746504 0.533981998 4731
639 0.015421313 0.483633583 140
640 0.061444715 0.5345184350000001 22336
641 0.039051249 0.5330266240000001 781
642 0.060873014 0.533129208 17700
643 0.062247231 0.532898384 22335
644 0.061814998 0.533635004 17699
645 0.012514441000000001 0.532741549 0
649 0.022328603 0.5600503569999999 47609
651 0.030660322999999975 1.2798709879999999 211
652 0.36683228599999995 2.9258383109999997 642941
655 0.013470353 2.9869333659999997 0
656 0.117086038 1.032788542 22291
657 0.116688728 1.033403999 17474
658 0.117233807 1.032033933 22291
659 0.11658858 1.033869384 17474
660 0.013592953 1.306742483 1
