1 166 0 6
2 237 0 20
3 350 0 11
4 589 0 16
5 402 0 18
6 372 0 17
7 385 0 63
8 174 0 7
9 169 0 6
10 320 0 42
11 1193076 0 37280216
12 145 0 6
13 138 0 6
14 160 0 6
15 169 0 6
16 163 0 6
17 160 0 6
18 161 0 6
19 161 0 6
20 161 0 6
21 226 0 7
22 138 0 7
23 138 0 5
24 421 0 36
25 182 0 7
26 219 0 8
27 112 0 4
28 111 0 5
29 134 0 5
30 40 0 1
31 139 0 6
32 138 0 3
33 139 0 5
34 138 0 9
35 137 0 6
36 136 0 6
37 160 0 6
38 1445 0 237
39 156 0 5
40 130 0 6
41 154 0 7
42 215 0 5
43 152 0 7
44 153 0 7
45 154 0 7
46 172 0 7
47 232 0 7
48 171 0 7
49 124 0 4
50 139 0 4
51 173 0 4
52 171 0 4
53 174 0 4
54 272 0 4
55 170 0 4
56 172 0 4
57 170 0 4
58 349 0 20
59 344 0 16
60 261 0 20
61 332 0 19
62 216570 0 302258
63 0 0 0
64 504 0 113
65 192 0 6
66 184 0 6
67 196785 0 172543
68 130 0 4
69 118 0 4
70 121 0 4
71 80 0 2
72 51227 0 22336
73 281 0 30
74 224 0 7
75 257 0 6
76 229 0 6
77 229 0 6
78 219 0 6
79 218 0 5
80 188 0 5
81 0 0 0
82 270 0 18
83 140 0 5
84 231 0 22
85 164 0 7
86 160 0 7
87 135 0 5
88 144 0 5
89 158 0 7
90 134 0 6
91 41 0 1
92 162 0 6
93 404 0 30
94 616 0 30
95 383 0 20
96 159 0 5
97 0 0 0
98 0 0 0
99 156 0 4
100 438 0 46
101 413 0 18
102 41705 0 17700
103 137 0 5
104 0 0 0
105 0 0 0
106 272 0 18
107 108 0 5
108 371 0 71
109 134 0 5
110 94 0 3
111 161 0 6
112 139 0 5
113 149 0 5
115 22611 0 23050
120 825600 0 3807963
124 5825689 0 76388701
125 14887 0 27850
126 1790828 0 9183151
127 106102 0 527701
128 268 0 276
130 20439 0 48992
132 6387968 0 60480400
133 5583015 0 10946931
136 335473 0 1246249
137 293776 0 1008687
138 28076 0 79853
139 11176 0 24856
140 341547 0 781652
141 34431 0 102347
145 2202 0 5554
146 14596 0 41592
147 2623 0 2095
148 16832 0 18793
149 6672 0 43405
150 8426 0 50972
154 177060 0 426409
156 1762049 0 11927180
157 228215 0 136607
158 597 0 459
159 310 0 239
160 7860 0 10666
161 172374 0 471026
162 111909 0 284700
163 4288 0 12107
164 147 0 20
165 146 0 9
166 1287 0 1507
167 107 0 3
168 391505 0 986775
169 1266664 0 2517306
170 89966 0 195192
171 11489 0 23347
172 147 0 46
173 751 0 2064
174 1849 0 4200
175 97 0 6
176 140 0 19
177 85 0 1
178 1667 0 5477
179 10640 0 12922
180 137 0 7
181 9226 0 10713
182 266272 0 856400
183 772904 0 2657899
184 569919 0 2205875
185 1568715 0 9185192
186 2016614 0 10945037
187 237 0 25
189 122687 0 99648
190 779 0 518
191 60107 0 299799
192 3786 0 7128
193 1533891 0 9185136
194 48988 0 61755
195 1589050 0 9182983
196 84301 0 197783
198 3509 0 13656
199 2025 0 9107
200 1432129 0 6213934
203 1183010 0 6207926
204 225 0 754
205 1462424 0 9354941
206 397907 0 519474
207 6081115 0 90668763
209 9516 0 14545
210 769 0 1153
213 6494379 0 7144
214 656720 0 979618
216 301 0 149
217 389607 0 2524828
218 26666 0 100654
219 10991 0 44946
220 160101 0 666755
221 37768 0 175856
223 40947 0 120963
224 281641 0 1044293
225 128091 0 515234
226 74103 0 346494
227 40825 0 110668
228 328759 0 1246249
229 96151 0 330263
230 3318 0 10634
231 212700 0 707921
233 53482 0 137062
234 40128 0 210707
235 3474 0 10651
236 637 0 1583
237 697 0 2137
238 347 0 903
239 485 0 1174
240 8104 0 23043
241 16808 0 38974
242 22848 0 57427
243 52081 0 129623
244 1034 0 3079
245 692 0 2692
246 51120 0 163913
247 32019 0 63946
248 13005 0 31198
249 145771 0 470510
250 210495 0 698052
251 2576 0 6971
252 152 0 267
253 240939 0 781475
254 15970 0 40411
255 6156 0 16737
256 87552 0 255719
257 149918 0 509196
258 136 0 328
259 77272 0 223250
260 21091 0 57782
261 301 0 853
262 291 0 791
263 2017 0 5457
264 7042 0 17017
265 101873 0 261362
266 320011 0 986547
267 793 0 1983
268 86 0 42
269 742 0 1827
270 180 0 415
271 379 0 861
272 276 0 570
273 5189 0 14544
274 2636 0 5924
275 88800 0 349595
276 49001 0 105025
277 2454 0 6131
278 4010 0 10685
279 967 0 3665
280 426 0 1514
281 3637 0 8841
282 5672 0 17465
283 1592 0 4895
284 119 0 134
285 4208 0 9210
286 8423 0 21463
287 635 0 2356
288 10408 0 23956
289 850 0 3353
291 40838 0 57426
292 3551 0 6660
293 4829 0 7348
294 1761 0 3078
295 22411 0 31197
296 210748 0 470509
297 761 0 1783
298 6027 0 12106
299 4637 0 8277
300 61340 0 89382
301 7856 0 12385
302 43836 0 122621
303 836 0 1591
304 94415 0 256853
305 19398 0 23955
306 38497 0 49734
309 25471 0 42300
310 62232 0 89382
311 355238 0 781474
312 36847 0 57781
313 97154 0 260595
314 109082 0 291589
315 92402 0 246825
316 549 0 2680
318 29705 0 8135
323 113 0 128
324 329 0 959
325 502371 0 1170095
326 166 0 107
327 326 0 316
328 454 0 1051
329 273 0 383
330 156 0 116
331 563 0 997
332 180 0 206
333 142 0 96
334 134341 0 329816
335 496 0 1142
336 293 0 409
337 245 0 268
338 1498340 0 2004929
339 346504 0 843968
340 206 0 235
342 35361 0 26206
343 11433 0 13517
344 2600 0 3182
345 42519 0 28872
346 543452 0 843967
348 109 0 75
350 256364 0 996950
351 226032 0 966899
353 327003 0 903514
354 334452 0 966899
355 50941 0 386634
356 644101 0 12360733
357 226120 0 1697681
359 2593 0 192
360 25591 0 10047
361 40096 0 14707
362 1987 0 1704
365 85 0 53
367 445 0 601
368 4922 0 5856
369 163044 0 290937
370 2980 0 4086
371 21259 0 30030
372 241 0 239
373 66118 0 109029
374 815 0 789
375 303 0 269
376 738 0 900
377 89 0 13
378 76 0 59
379 271 0 289
380 366921 0 1088152
381 422 0 311
382 489 0 891
383 130 0 57
384 407 0 537
385 679 0 1006
386 360 0 390
387 19238 0 24859
388 47069 0 75470
389 2582 0 3848
390 271 0 146
391 3108 0 3835
392 1061099 0 2498646
393 214 0 127
394 60845 0 122137
395 643113 0 1363411
396 205 0 179
397 3772 0 5942
398 2012 0 3168
399 20597 0 28849
400 5565 0 8201
401 339 0 439
402 188 0 27
403 8357 0 11601
404 1686 0 2386
407 1015 0 783
408 832713 0 1085122
409 40872 0 61698
410 28051 0 24629
411 2101202 0 2498645
412 2905 0 1973
413 1233918 0 1363410
414 1127 0 693
415 38497 0 28848
416 738105 0 1111408
417 3064 0 2938
418 646 0 644
421 517589 0 877571
423 5050 0 26817
424 106830 0 78689
425 6556 0 38715
426 5952 0 24598
427 77961 0 343827
428 627127 0 2980690
429 50 0 1
430 1811 0 6997
432 30427 0 148521
433 82 0 121
434 2651 0 10807
435 10110 0 40612
436 3429 0 13698
437 3538 0 14188
438 3789 0 15692
439 304196 0 1357292
440 9504 0 40274
441 2355 0 9132
442 69 0 33
443 987835 0 9181545
444 167 0 224
445 34689 0 148635
448 49717 0 190623
449 227536 0 595733
453 89192 0 471980
454 68563 0 187488
455 330 0 623
456 2286 0 6603
457 18105 0 54309
458 964609 0 2312241
459 187687 0 907443
460 26178 0 58404
461 79904 0 323338
462 66645 0 114246
463 154283 0 332244
464 2049634 0 10728036
465 3271 0 250
466 1464 0 3172
467 15853 0 40641
468 23060 0 75658
469 6238 0 25297
470 150450 0 372911
471 4572 0 19764
472 2300219 0 37325506
473 109690 0 412629
474 173 0 4
475 342983 0 1389450
476 1131 0 3849
477 223523 0 720660
478 1921 0 7072
479 56863 0 196991
480 353574 0 1407164
482 3576 0 15674
483 501889 0 2482606
484 100 0 34
485 5842 0 14950
486 636639 0 3223122
487 355081 0 1002697
488 1015881 0 2806245
489 16035 0 46544
490 69265 0 298949
491 2682992 0 20625442
492 8060 0 21673
493 4019 0 15654
495 2674 0 5007
496 2661 0 10669
497 236 0 503
498 230 0 0
499 452 0 1217
500 56399 0 217394
501 2656 0 9804
502 2284046 0 38410384
503 47860 0 120157
504 21983 0 67395
505 297 0 1
506 960 0 4606
507 28898 0 13685
508 90806 0 304233
509 500 0 44
510 188130 0 7431
511 90 0 0
512 27771 0 18895
513 183824 0 619721
514 1460557 0 10939242
515 5118232 0 31279152
516 37389 0 99335
517 59741 0 299672
518 9978 0 28466
519 33921 0 168371
520 3017911 0 47822521
521 154096 0 535787
522 1693622 0 11773978
523 113396 0 412629
524 19694 0 38542
525 108 0 9
526 3815 0 12049
527 130 0 46
528 4056 0 6312
529 171 0 24
531 1161 0 3331
532 713491 0 2043472
533 307 0 440
534 137 0 419
535 108626 0 547067
536 25834 0 58191
537 2171917 0 8765836
538 172371 0 679117
539 4458 0 18635
540 5918724 0 90321703
541 198174 0 856148
542 1722 0 6630
543 220 0 353
544 531 0 1980
545 4076801 0 55722209
546 10729 0 35915
547 111756 0 439163
548 6172 0 16711
549 15361 0 47444
550 61879 0 402620
551 567920 0 1978576
552 740722 0 2500603
553 56068 0 268452
554 115929 0 406072
555 7760 0 40268
556 629530 0 2651800
557 4814645 0 75238748
558 103750 0 363518
559 151 0 126
560 12634 0 27850
561 252901 0 1242624
562 160368 0 550791
563 24777 0 70830
564 1493 0 7318
565 448594 0 2197996
566 42880 0 82820
567 162 0 223
568 30336 0 62734
569 1477431 0 9182055
570 1439377 0 10915035
571 397 0 490
572 4315 0 10331
573 2256072 0 10609468
574 33601 0 75043
575 4553593 0 58080849
577 2090 0 4349
578 8730 0 15293
579 78007 0 109733
580 117355 0 586513
581 967582 0 2334221
582 959345 0 4094002
583 17396 0 50518
584 3088766 0 17155132
585 1217695 0 5920180
586 196291 0 630275
587 12596 0 26160
588 205122 0 795778
589 790392 0 2261878
590 56878 0 199106
591 121109 0 527700
592 49617 0 125051
593 16962 0 45892
594 135 0 104
595 5018 0 13303
596 4900 0 15015
597 360592 0 802694
598 61979 0 90422
599 422 0 1605
602 3333584 0 10725156
603 34159 0 95401
604 40292 0 17215
605 1208656 0 5916824
607 851 0 3206
608 992123 0 9181644
609 871553 0 2980689
610 15068 0 82052
611 1011 0 4531
612 45637 0 245925
613 42118 0 188351
614 74 0 0
616 1324 0 7272
617 116364 0 581652
618 3323 0 18192
619 8922 0 50091
620 904 0 4889
624 140063 0 577627
625 12798 0 27850
626 1489955 0 9182055
627 2970 0 14027
628 85 0 78
629 106 0 29
631 256 0 228
632 94 0 16
634 391 0 61
637 80 0 8
638 1027 0 4731
639 189 0 140
640 51800 0 22336
641 2432 0 781
642 41925 0 17700
643 98223 0 22335
644 79556 0 17699
649 11288 0 47609
651 18939 0 211
652 670095 0 642941
656 104397 0 22291
657 86160 0 17474
658 105413 0 22291
659 85955 0 17474
