1 164 0 6
2 207 0 20
3 345 0 11
4 379 0 16
5 432 0 18
6 468 0 17
7 384 0 63
8 173 0 7
9 168 0 6
10 280 0 42
11 1186413 0 37280216
12 138 0 6
13 136 0 6
14 162 0 6
15 160 0 6
16 170 0 6
17 161 0 6
18 159 0 6
19 160 0 6
20 160 0 6
21 346 0 7
22 139 0 7
23 138 0 5
24 421 0 36
25 134 0 7
26 198 0 8
27 112 0 4
28 113 0 5
29 142 0 5
30 45 0 1
31 150 0 6
32 90 0 3
33 136 0 5
34 143 0 9
35 136 0 6
36 137 0 6
37 160 0 6
38 1411 0 237
39 125 0 5
40 132 0 6
41 202 0 7
42 217 0 5
43 153 0 7
44 150 0 7
45 215 0 7
46 153 0 7
47 152 0 7
48 171 0 7
49 122 0 4
50 173 0 4
51 219 0 4
52 187 0 4
53 192 0 4
54 174 0 4
55 178 0 4
56 170 0 4
57 168 0 4
58 354 0 20
59 269 0 16
60 265 0 20
61 332 0 19
62 212081 0 302258
63 0 0 0
64 516 0 113
65 191 0 6
66 191 0 6
67 196415 0 172543
68 118 0 4
69 118 0 4
70 128 0 4
71 65 0 2
72 51496 0 22336
73 273 0 30
74 225 0 7
75 226 0 6
76 231 0 6
77 224 0 6
78 285 0 6
79 192 0 5
80 188 0 5
81 0 0 0
82 267 0 18
83 136 0 5
84 233 0 22
85 172 0 7
86 169 0 7
87 138 0 5
88 136 0 5
89 157 0 7
90 151 0 6
91 41 0 1
92 161 0 6
93 409 0 30
94 534 0 30
95 379 0 20
96 156 0 5
97 0 0 0
98 0 0 0
99 157 0 4
100 463 0 46
101 310 0 18
102 41420 0 17700
103 137 0 5
104 0 0 0
105 0 0 0
106 280 0 18
107 112 0 5
108 369 0 71
109 146 0 5
110 91 0 3
111 159 0 6
112 133 0 5
113 154 0 5
115 22120 0 23050
120 811055 0 3807963
124 5843003 0 76388701
125 12906 0 27850
126 1839813 0 9183151
127 95928 0 527701
128 272 0 276
130 20494 0 48992
132 6498473 0 60480400
133 5606391 0 10946931
136 336445 0 1246249
137 293447 0 1008687
138 26706 0 79853
139 10884 0 24856
140 345032 0 781652
141 34516 0 102347
145 2217 0 5554
146 14646 0 41592
147 2699 0 2095
148 17269 0 18793
149 6639 0 43405
150 8290 0 50972
154 180431 0 426409
156 1728205 0 11927180
157 219402 0 136607
158 596 0 459
159 311 0 239
160 7805 0 10666
161 174176 0 471026
162 111769 0 284700
163 4268 0 12107
164 211 0 20
165 149 0 9
166 1086 0 1507
167 105 0 3
168 400584 0 986775
169 1227404 0 2517306
170 86518 0 195192
171 11991 0 23347
172 143 0 46
173 760 0 2064
174 1863 0 4200
175 97 0 6
176 142 0 19
177 56 0 1
178 1597 0 5477
179 10408 0 12922
180 136 0 7
181 9155 0 10713
182 246670 0 856400
183 739634 0 2657899
184 576703 0 2205875
185 1564011 0 9185192
186 1942206 0 10945037
187 239 0 25
189 123399 0 99648
190 758 0 518
191 60290 0 299799
192 3793 0 7128
193 1526572 0 9185136
194 47925 0 61755
195 1619483 0 9182983
196 84446 0 197783
198 3665 0 13656
199 2040 0 9107
200 1469468 0 6213934
203 1136774 0 6207926
204 218 0 754
205 1493769 0 9354941
206 352027 0 519474
207 5711599 0 90668763
209 9558 0 14545
210 773 0 1153
213 6483080 0 7144
214 688817 0 979618
216 256 0 149
217 421730 0 2524828
218 26815 0 100654
219 11001 0 44946
220 158909 0 666755
221 38087 0 175856
223 41059 0 120963
224 284727 0 1044293
225 131247 0 515234
226 74063 0 346494
227 40733 0 110668
228 323318 0 1246249
229 95016 0 330263
230 3315 0 10634
231 209690 0 707921
233 54037 0 137062
234 40837 0 210707
235 3412 0 10651
236 598 0 1583
237 658 0 2137
238 353 0 903
239 492 0 1174
240 8199 0 23043
241 16296 0 38974
242 22779 0 57427
243 52198 0 129623
244 1010 0 3079
245 685 0 2692
246 50905 0 163913
247 32116 0 63946
248 12418 0 31198
249 144981 0 470510
250 211945 0 698052
251 2543 0 6971
252 167 0 267
253 252423 0 781475
254 15904 0 40411
255 6248 0 16737
256 87799 0 255719
257 151669 0 509196
258 133 0 328
259 75916 0 223250
260 20817 0 57782
261 305 0 853
262 276 0 791
263 2019 0 5457
264 7023 0 17017
265 99458 0 261362
266 317400 0 986547
267 797 0 1983
268 83 0 42
269 698 0 1827
270 203 0 415
271 356 0 861
272 291 0 570
273 4969 0 14544
274 2619 0 5924
275 89354 0 349595
276 48006 0 105025
277 2416 0 6131
278 4011 0 10685
279 965 0 3665
280 430 0 1514
281 3712 0 8841
282 5686 0 17465
283 1560 0 4895
284 118 0 134
285 4276 0 9210
286 8277 0 21463
287 635 0 2356
288 10382 0 23956
289 846 0 3353
291 40671 0 57426
292 3569 0 6660
293 4838 0 7348
294 1741 0 3078
295 22399 0 31197
296 209413 0 470509
297 759 0 1783
298 6142 0 12106
299 4636 0 8277
300 62499 0 89382
301 7739 0 12385
302 43933 0 122621
303 660 0 1591
304 93168 0 256853
305 18662 0 23955
306 38461 0 49734
309 25329 0 42300
310 62066 0 89382
311 356974 0 781474
312 36859 0 57781
313 98741 0 260595
314 109189 0 291589
315 93167 0 246825
316 558 0 2680
318 29892 0 8135
323 111 0 128
324 329 0 959
325 499254 0 1170095
326 164 0 107
327 326 0 316
328 453 0 1051
329 254 0 383
330 146 0 116
331 539 0 997
332 181 0 206
333 142 0 96
334 133756 0 329816
335 491 0 1142
336 297 0 409
337 244 0 268
338 1524890 0 2004929
339 347020 0 843968
340 209 0 235
342 34949 0 26206
343 11376 0 13517
344 2481 0 3182
345 42518 0 28872
346 540899 0 843967
348 109 0 75
350 225535 0 996950
351 229097 0 966899
353 322766 0 903514
354 336564 0 966899
355 52098 0 386634
356 670818 0 12360733
357 223069 0 1697681
359 2609 0 192
360 25463 0 10047
361 39873 0 14707
362 2059 0 1704
365 103 0 53
367 412 0 601
368 4852 0 5856
369 164918 0 290937
370 2982 0 4086
371 20974 0 30030
372 226 0 239
373 65844 0 109029
374 843 0 789
375 282 0 269
376 748 0 900
377 89 0 13
378 74 0 59
379 245 0 289
380 371939 0 1088152
381 415 0 311
382 498 0 891
383 128 0 57
384 409 0 537
385 677 0 1006
386 362 0 390
387 18996 0 24859
388 47027 0 75470
389 2626 0 3848
390 232 0 146
391 2972 0 3835
392 1027856 0 2498646
393 213 0 127
394 60623 0 122137
395 652595 0 1363411
396 198 0 179
397 3526 0 5942
398 1980 0 3168
399 20568 0 28849
400 5590 0 8201
401 351 0 439
402 200 0 27
403 8141 0 11601
404 1733 0 2386
407 980 0 783
408 864946 0 1085122
409 40921 0 61698
410 28016 0 24629
411 2028737 0 2498645
412 2335 0 1973
413 1222796 0 1363410
414 1107 0 693
415 38224 0 28848
416 728440 0 1111408
417 2908 0 2938
418 633 0 644
421 517152 0 877571
423 4986 0 26817
424 106729 0 78689
425 6222 0 38715
426 5962 0 24598
427 76538 0 343827
428 605930 0 2980690
429 48 0 1
430 1689 0 6997
432 30241 0 148521
433 82 0 121
434 2654 0 10807
435 10119 0 40612
436 3424 0 13698
437 3556 0 14188
438 3800 0 15692
439 303844 0 1357292
440 9764 0 40274
441 2355 0 9132
442 68 0 33
443 986492 0 9181545
444 167 0 224
445 34845 0 148635
448 53322 0 190623
449 224759 0 595733
453 88847 0 471980
454 68870 0 187488
455 331 0 623
456 2188 0 6603
457 18122 0 54309
458 964540 0 2312241
459 188876 0 907443
460 25843 0 58404
461 80933 0 323338
462 67068 0 114246
463 157764 0 332244
464 2035022 0 10728036
465 3206 0 250
466 1416 0 3172
467 15668 0 40641
468 22894 0 75658
469 6338 0 25297
470 154561 0 372911
471 4435 0 19764
472 2316632 0 37325506
473 108852 0 412629
474 177 0 4
475 339330 0 1389450
476 1133 0 3849
477 224677 0 720660
478 1794 0 7072
479 56961 0 196991
480 339107 0 1407164
482 3526 0 15674
483 530390 0 2482606
484 98 0 34
485 6162 0 14950
486 627974 0 3223122
487 314093 0 1002697
488 934424 0 2806245
489 15827 0 46544
490 69053 0 298949
491 2668733 0 20625442
492 8062 0 21673
493 4187 0 15654
495 2651 0 5007
496 2645 0 10669
497 218 0 503
498 231 0 0
499 466 0 1217
500 56446 0 217394
501 2505 0 9804
502 2185314 0 38410384
503 47891 0 120157
504 21640 0 67395
505 296 0 1
506 967 0 4606
507 28822 0 13685
508 91218 0 304233
509 552 0 44
510 180253 0 7431
511 67 0 0
512 28344 0 18895
513 184162 0 619721
514 1476058 0 10939242
515 5011184 0 31279152
516 37364 0 99335
517 61321 0 299672
518 9820 0 28466
519 34429 0 168371
520 3017379 0 47822521
521 154361 0 535787
522 1705407 0 11773978
523 113733 0 412629
524 19579 0 38542
525 115 0 9
526 3820 0 12049
527 111 0 46
528 4088 0 6312
529 181 0 24
531 1119 0 3331
532 700192 0 2043472
533 304 0 440
534 138 0 419
535 107569 0 547067
536 26141 0 58191
537 2178253 0 8765836
538 172253 0 679117
539 4481 0 18635
540 5956323 0 90321703
541 198662 0 856148
542 1728 0 6630
543 190 0 353
544 472 0 1980
545 3994992 0 55722209
546 10502 0 35915
547 111972 0 439163
548 6660 0 16711
549 15495 0 47444
550 61890 0 402620
551 586206 0 1978576
552 762002 0 2500603
553 55965 0 268452
554 116255 0 406072
555 7717 0 40268
556 598750 0 2651800
557 4923873 0 75238748
558 103060 0 363518
559 151 0 126
560 12567 0 27850
561 297929 0 1242624
562 160509 0 550791
563 24541 0 70830
564 1497 0 7318
565 453291 0 2197996
566 43216 0 82820
567 160 0 223
568 30536 0 62734
569 1517107 0 9182055
570 1436027 0 10915035
571 507 0 490
572 4306 0 10331
573 2226892 0 10609468
574 33506 0 75043
575 4495024 0 58080849
577 1932 0 4349
578 8774 0 15293
579 77949 0 109733
580 121086 0 586513
581 957701 0 2334221
582 976289 0 4094002
583 17446 0 50518
584 3126408 0 17155132
585 1192087 0 5920180
586 196120 0 630275
587 12671 0 26160
588 205756 0 795778
589 749445 0 2261878
590 56658 0 199106
591 103845 0 527700
592 49452 0 125051
593 17046 0 45892
594 133 0 104
595 5108 0 13303
596 4801 0 15015
597 369651 0 802694
598 61938 0 90422
599 498 0 1605
602 3363681 0 10725156
603 34300 0 95401
604 40209 0 17215
605 1231154 0 5916824
607 855 0 3206
608 991518 0 9181644
609 901609 0 2980689
610 14882 0 82052
611 1067 0 4531
612 45548 0 245925
613 42017 0 188351
614 74 0 0
616 1325 0 7272
617 114721 0 581652
618 3190 0 18192
619 8787 0 50091
620 848 0 4889
624 131346 0 577627
625 12526 0 27850
626 1506345 0 9182055
627 2919 0 14027
628 81 0 78
629 111 0 29
631 254 0 228
632 94 0 16
634 391 0 61
637 81 0 8
638 951 0 4731
639 195 0 140
640 51671 0 22336
641 2241 0 781
642 43215 0 17700
643 98119 0 22335
644 79605 0 17699
649 11532 0 47609
651 18988 0 211
652 684445 0 642941
656 105369 0 22291
657 85843 0 17474
658 105097 0 22291
659 85359 0 17474
