1 162 0 6
2 224 0 20
3 347 0 11
4 363 0 16
5 542 0 18
6 370 0 17
7 387 0 63
8 170 0 7
9 203 0 6
10 281 0 42
11 1184360 0 37280216
12 139 0 6
13 199 0 6
14 162 0 6
15 162 0 6
16 161 0 6
17 166 0 6
18 161 0 6
19 159 0 6
20 160 0 6
21 316 0 7
22 136 0 7
23 136 0 5
24 441 0 36
25 133 0 7
26 162 0 8
27 111 0 4
28 113 0 5
29 136 0 5
30 39 0 1
31 138 0 6
32 91 0 3
33 138 0 5
34 143 0 9
35 137 0 6
36 137 0 6
37 177 0 6
38 1266 0 237
39 160 0 5
40 132 0 6
41 151 0 7
42 153 0 5
43 153 0 7
44 155 0 7
45 236 0 7
46 147 0 7
47 149 0 7
48 265 0 7
49 122 0 4
50 181 0 4
51 168 0 4
52 168 0 4
53 166 0 4
54 173 0 4
55 172 0 4
56 173 0 4
57 169 0 4
58 350 0 20
59 299 0 16
60 256 0 20
61 323 0 19
62 216912 0 302258
63 0 0 0
64 504 0 113
65 190 0 6
66 190 0 6
67 196970 0 172543
68 117 0 4
69 126 0 4
70 121 0 4
71 65 0 2
72 51168 0 22336
73 296 0 30
74 224 0 7
75 232 0 6
76 222 0 6
77 227 0 6
78 223 0 6
79 192 0 5
80 196 0 5
81 0 0 0
82 350 0 18
83 138 0 5
84 241 0 22
85 159 0 7
86 162 0 7
87 149 0 5
88 138 0 5
89 157 0 7
90 136 0 6
91 40 0 1
92 169 0 6
93 406 0 30
94 530 0 30
95 370 0 20
96 157 0 5
97 0 0 0
98 0 0 0
99 162 0 4
100 458 0 46
101 447 0 18
102 41381 0 17700
103 136 0 5
104 0 0 0
105 0 0 0
106 271 0 18
107 111 0 5
108 394 0 71
109 134 0 5
110 88 0 3
111 160 0 6
112 138 0 5
113 146 0 5
115 24177 0 23050
120 808847 0 3807963
124 5860573 0 76388701
125 13045 0 27850
126 1675189 0 9183151
127 96826 0 527701
128 267 0 276
130 20778 0 48992
132 6400739 0 60480400
133 5579409 0 10946931
136 323404 0 1246249
137 293344 0 1008687
138 26586 0 79853
139 11015 0 24856
140 342858 0 781652
141 34602 0 102347
145 2165 0 5554
146 14308 0 41592
147 2750 0 2095
148 16956 0 18793
149 6702 0 43405
150 8281 0 50972
154 180572 0 426409
156 1731975 0 11927180
157 219446 0 136607
158 605 0 459
159 326 0 239
160 7901 0 10666
161 174144 0 471026
162 112191 0 284700
163 4252 0 12107
164 212 0 20
165 148 0 9
166 1081 0 1507
167 116 0 3
168 387781 0 986775
169 1195428 0 2517306
170 86846 0 195192
171 11743 0 23347
172 152 0 46
173 687 0 2064
174 1757 0 4200
175 96 0 6
176 140 0 19
177 56 0 1
178 1685 0 5477
179 10321 0 12922
180 146 0 7
181 9291 0 10713
182 257900 0 856400
183 748140 0 2657899
184 582875 0 2205875
185 1561507 0 9185192
186 1780412 0 10945037
187 235 0 25
189 121968 0 99648
190 732 0 518
191 60490 0 299799
192 3787 0 7128
193 1558884 0 9185136
194 48097 0 61755
195 1549864 0 9182983
196 84473 0 197783
198 3491 0 13656
199 2013 0 9107
200 1451594 0 6213934
203 1180816 0 6207926
204 239 0 754
205 1471093 0 9354941
206 349307 0 519474
207 5399840 0 90668763
209 9590 0 14545
210 772 0 1153
213 6454751 0 7144
214 654454 0 979618
216 322 0 149
217 385795 0 2524828
218 26849 0 100654
219 11156 0 44946
220 158439 0 666755
221 37808 0 175856
223 40939 0 120963
224 286990 0 1044293
225 128350 0 515234
226 75547 0 346494
227 40586 0 110668
228 337289 0 1246249
229 94702 0 330263
230 3350 0 10634
231 206884 0 707921
233 53881 0 137062
234 41149 0 210707
235 3457 0 10651
236 601 0 1583
237 698 0 2137
238 346 0 903
239 420 0 1174
240 8123 0 23043
241 16442 0 38974
242 22592 0 57427
243 52843 0 129623
244 1011 0 3079
245 725 0 2692
246 50908 0 163913
247 31979 0 63946
248 12449 0 31198
249 146075 0 470510
250 211517 0 698052
251 2685 0 6971
252 149 0 267
253 240979 0 781475
254 15777 0 40411
255 6181 0 16737
256 88099 0 255719
257 151321 0 509196
258 131 0 328
259 73336 0 223250
260 20619 0 57782
261 287 0 853
262 273 0 791
263 2007 0 5457
264 7251 0 17017
265 99918 0 261362
266 342644 0 986547
267 794 0 1983
268 85 0 42
269 753 0 1827
270 181 0 415
271 358 0 861
272 283 0 570
273 5051 0 14544
274 2647 0 5924
275 88525 0 349595
276 48328 0 105025
277 2402 0 6131
278 4010 0 10685
279 1092 0 3665
280 428 0 1514
281 3530 0 8841
282 5626 0 17465
283 1566 0 4895
284 117 0 134
285 4175 0 9210
286 8267 0 21463
287 630 0 2356
288 10386 0 23956
289 845 0 3353
291 40716 0 57426
292 3538 0 6660
293 4741 0 7348
294 1723 0 3078
295 22425 0 31197
296 211262 0 470509
297 759 0 1783
298 5887 0 12106
299 4687 0 8277
300 61099 0 89382
301 7861 0 12385
302 43806 0 122621
303 665 0 1591
304 93700 0 256853
305 18610 0 23955
306 38448 0 49734
309 25144 0 42300
310 62194 0 89382
311 356524 0 781474
312 36864 0 57781
313 97266 0 260595
314 109718 0 291589
315 92698 0 246825
316 555 0 2680
318 30238 0 8135
323 113 0 128
324 318 0 959
325 502346 0 1170095
326 172 0 107
327 335 0 316
328 453 0 1051
329 251 0 383
330 148 0 116
331 544 0 997
332 179 0 206
333 142 0 96
334 133896 0 329816
335 492 0 1142
336 293 0 409
337 242 0 268
338 1508031 0 2004929
339 358449 0 843968
340 205 0 235
342 34836 0 26206
343 11592 0 13517
344 2651 0 3182
345 42522 0 28872
346 543397 0 843967
348 105 0 75
350 224776 0 996950
351 226893 0 966899
353 324195 0 903514
354 327586 0 966899
355 52214 0 386634
356 655680 0 12360733
357 221803 0 1697681
359 2632 0 192
360 25509 0 10047
361 40031 0 14707
362 2112 0 1704
365 103 0 53
367 408 0 601
368 4884 0 5856
369 164409 0 290937
370 2989 0 4086
371 20955 0 30030
372 243 0 239
373 66133 0 109029
374 839 0 789
375 278 0 269
376 703 0 900
377 88 0 13
378 72 0 59
379 284 0 289
380 364502 0 1088152
381 411 0 311
382 564 0 891
383 129 0 57
384 397 0 537
385 680 0 1006
386 361 0 390
387 18874 0 24859
388 47324 0 75470
389 2618 0 3848
390 271 0 146
391 2996 0 3835
392 1062376 0 2498646
393 212 0 127
394 60682 0 122137
395 944370 0 1363411
396 197 0 179
397 3593 0 5942
398 1978 0 3168
399 20657 0 28849
400 5554 0 8201
401 349 0 439
402 187 0 27
403 8084 0 11601
404 1641 0 2386
407 983 0 783
408 837749 0 1085122
409 40686 0 61698
410 28007 0 24629
411 2020121 0 2498645
412 2345 0 1973
413 1201768 0 1363410
414 1103 0 693
415 38776 0 28848
416 738965 0 1111408
417 3013 0 2938
418 690 0 644
421 503277 0 877571
423 5072 0 26817
424 112154 0 78689
425 6056 0 38715
426 5855 0 24598
427 76514 0 343827
428 606843 0 2980690
429 47 0 1
430 1719 0 6997
432 30239 0 148521
433 81 0 121
434 2663 0 10807
435 10113 0 40612
436 3421 0 13698
437 3539 0 14188
438 3795 0 15692
439 303654 0 1357292
440 9645 0 40274
441 2270 0 9132
442 106 0 33
443 994127 0 9181545
444 166 0 224
445 35165 0 148635
448 50227 0 190623
449 225230 0 595733
453 90479 0 471980
454 69971 0 187488
455 325 0 623
456 2217 0 6603
457 17810 0 54309
458 945446 0 2312241
459 192510 0 907443
460 26251 0 58404
461 82482 0 323338
462 66849 0 114246
463 155254 0 332244
464 2038069 0 10728036
465 3111 0 250
466 1472 0 3172
467 15655 0 40641
468 23051 0 75658
469 6341 0 25297
470 150387 0 372911
471 4435 0 19764
472 2338190 0 37325506
473 109651 0 412629
474 177 0 4
475 344820 0 1389450
476 1132 0 3849
477 223898 0 720660
478 1895 0 7072
479 56884 0 196991
480 340896 0 1407164
482 3496 0 15674
483 515280 0 2482606
484 96 0 34
485 5970 0 14950
486 626090 0 3223122
487 319429 0 1002697
488 946219 0 2806245
489 15928 0 46544
490 70653 0 298949
491 2678486 0 20625442
492 8419 0 21673
493 4051 0 15654
495 2652 0 5007
496 2880 0 10669
497 294 0 503
498 229 0 0
499 460 0 1217
500 56558 0 217394
501 2532 0 9804
502 2195180 0 38410384
503 47741 0 120157
504 22984 0 67395
505 299 0 1
506 969 0 4606
507 28759 0 13685
508 91276 0 304233
509 508 0 44
510 178407 0 7431
511 65 0 0
512 27287 0 18895
513 181024 0 619721
514 1461126 0 10939242
515 5035383 0 31279152
516 37009 0 99335
517 61601 0 299672
518 9878 0 28466
519 34482 0 168371
520 2998374 0 47822521
521 153969 0 535787
522 1713361 0 11773978
523 114020 0 412629
524 19619 0 38542
525 116 0 9
526 3924 0 12049
527 119 0 46
528 4057 0 6312
529 173 0 24
531 1165 0 3331
532 707390 0 2043472
533 308 0 440
534 138 0 419
535 113990 0 547067
536 26219 0 58191
537 2174925 0 8765836
538 170444 0 679117
539 4440 0 18635
540 5900976 0 90321703
541 198160 0 856148
542 1719 0 6630
543 197 0 353
544 451 0 1980
545 4032814 0 55722209
546 10510 0 35915
547 114738 0 439163
548 6513 0 16711
549 15351 0 47444
550 63574 0 402620
551 568862 0 1978576
552 746793 0 2500603
553 56661 0 268452
554 117327 0 406072
555 7689 0 40268
556 589815 0 2651800
557 4875488 0 75238748
558 103341 0 363518
559 150 0 126
560 12628 0 27850
561 257387 0 1242624
562 160479 0 550791
563 24878 0 70830
564 1505 0 7318
565 435820 0 2197996
566 42973 0 82820
567 165 0 223
568 30332 0 62734
569 1508778 0 9182055
570 1436343 0 10915035
571 415 0 490
572 4233 0 10331
573 2289240 0 10609468
574 33502 0 75043
575 4503256 0 58080849
577 1928 0 4349
578 8715 0 15293
579 76782 0 109733
580 122606 0 586513
581 909715 0 2334221
582 967975 0 4094002
583 17306 0 50518
584 3105390 0 17155132
585 1221374 0 5920180
586 197649 0 630275
587 12580 0 26160
588 204507 0 795778
589 744912 0 2261878
590 56417 0 199106
591 97385 0 527700
592 49647 0 125051
593 17023 0 45892
594 136 0 104
595 4996 0 13303
596 4928 0 15015
597 362974 0 802694
598 62618 0 90422
599 413 0 1605
602 3322459 0 10725156
603 33998 0 95401
604 40121 0 17215
605 1248994 0 5916824
607 810 0 3206
608 984884 0 9181644
609 935577 0 2980689
610 15107 0 82052
611 948 0 4531
612 45615 0 245925
613 42962 0 188351
614 74 0 0
616 1325 0 7272
617 115159 0 581652
618 3180 0 18192
619 8700 0 50091
620 829 0 4889
624 142551 0 577627
625 12482 0 27850
626 1514691 0 9182055
627 2864 0 14027
628 93 0 78
629 79 0 29
631 256 0 228
632 92 0 16
634 404 0 61
637 88 0 8
638 1003 0 4731
639 191 0 140
640 51224 0 22336
641 2264 0 781
642 42162 0 17700
643 98669 0 22335
644 79856 0 17699
649 11295 0 47609
651 18929 0 211
652 673575 0 642941
656 105291 0 22291
657 85737 0 17474
658 105184 0 22291
659 85888 0 17474
