1 0.000182 0.000046 6
2 0.000239 0.000031 20
3 0.000370 0.000050 11
4 0.000451 0.000084 16
5 0.000445 0.000079 18
6 0.000400 0.000064 17
7 0.000389 0.000008 63
8 0.000179 0.000012 7
9 0.000179 0.000014 6
10 0.000298 0.000024 42
11 1.180460 0.008738 37280216
12 0.000148 0.000026 6
13 0.000155 0.000027 6
14 0.000163 0.000004 6
15 0.000163 0.000004 6
16 0.000163 0.000004 6
17 0.000163 0.000003 6
18 0.000162 0.000003 6
19 0.000162 0.000003 6
20 0.000163 0.000004 6
21 0.000289 0.000059 7
22 0.000149 0.000024 7
23 0.000139 0.000004 5
24 0.000433 0.000028 36
25 0.000154 0.000018 7
26 0.000182 0.000022 8
27 0.000114 0.000004 4
28 0.000115 0.000005 5
29 0.000138 0.000003 5
30 0.000040 0.000003 1
31 0.000158 0.000052 6
32 0.000099 0.000015 3
33 0.000140 0.000004 5
34 0.000141 0.000004 9
35 0.000141 0.000008 6
36 0.000138 0.000003 6
37 0.000168 0.000012 6
38 0.001407 0.000136 237
39 0.000141 0.000017 5
40 0.000134 0.000007 6
41 0.000177 0.000049 7
42 0.000183 0.000032 5
43 0.000167 0.000024 7
44 0.000169 0.000029 7
45 0.000185 0.000033 7
46 0.000157 0.000013 7
47 0.000181 0.000033 7
48 0.000211 0.000041 7
49 0.000132 0.000019 4
50 0.000156 0.000024 4
51 0.000193 0.000051 4
52 0.000173 0.000008 4
53 0.000184 0.000026 4
54 0.000194 0.000034 4
55 0.000175 0.000010 4
56 0.000176 0.000008 4
57 0.000177 0.000012 4
58 0.000359 0.000028 20
59 0.000296 0.000037 16
60 0.000266 0.000010 20
61 0.000347 0.000051 19
62 0.215362 0.002603 302258
64 0.000513 0.000028 113
65 0.000200 0.000025 6
66 0.000191 0.000004 6
67 0.197223 0.001002 172543
68 0.000125 0.000014 4
69 0.000121 0.000004 4
70 0.000122 0.000003 4
71 0.000083 0.000045 2
72 0.051264 0.000195 22336
73 0.000290 0.000023 30
74 0.000231 0.000016 7
75 0.000236 0.000019 6
76 0.000234 0.000022 6
77 0.000230 0.000019 6
78 0.000246 0.000030 6
79 0.000205 0.000018 5
80 0.000199 0.000015 5
82 0.000311 0.000055 18
83 0.000148 0.000025 5
84 0.000255 0.000052 22
85 0.000182 0.000044 7
86 0.000179 0.000038 7
87 0.000154 0.000035 5
88 0.000155 0.000033 5
89 0.000185 0.000043 7
90 0.000172 0.000043 6
91 0.000060 0.000060 1
92 0.000169 0.000013 6
93 0.000409 0.000029 30
94 0.000511 0.000084 30
95 0.000383 0.000020 20
96 0.000164 0.000015 5
99 0.000170 0.000018 4
100 0.000483 0.000031 46
101 0.000421 0.000099 18
102 0.041523 0.000150 17700
103 0.000147 0.000023 5
106 0.000289 0.000047 18
107 0.000123 0.000019 5
108 0.000380 0.000012 71
109 0.000138 0.000006 5
110 0.000089 0.000003 3
111 0.000177 0.000047 6
112 0.000146 0.000017 5
113 0.000149 0.000004 5
115 0.022568 0.000602 23050
120 0.812844 0.007378 3807963
124 5.853370 0.031917 76388701
125 0.014164 0.001708 27850
126 1.745545 0.095167 9183151
127 0.100159 0.004496 527701
128 0.000281 0.000034 276
130 0.020699 0.000177 48992
132 6.415634 0.053161 60480400
133 5.596387 0.053666 10946931
136 0.331713 0.007548 1246249
137 0.293142 0.002321 1008687
138 0.027278 0.000647 79853
139 0.011023 0.000214 24856
140 0.345917 0.006585 781652
141 0.034507 0.000194 102347
145 0.002176 0.000054 5554
146 0.014514 0.000164 41592
147 0.002791 0.000150 2095
148 0.017058 0.000138 18793
149 0.006818 0.000257 43405
150 0.008340 0.000103 50972
154 0.182860 0.005970 426409
156 1.738716 0.029033 11927180
157 0.225255 0.012296 136607
158 0.000610 0.000030 459
159 0.000329 0.000019 239
160 0.007927 0.000125 10666
161 0.172179 0.001285 471026
162 0.111874 0.000609 284700
163 0.004282 0.000098 12107
164 0.000178 0.000026 20
165 0.000149 0.000006 9
166 0.001123 0.000066 1507
167 0.000119 0.000019 3
168 0.391667 0.006290 986775
169 1.253563 0.028481 2517306
170 0.088195 0.001383 195192
171 0.011761 0.000207 23347
172 0.000162 0.000038 46
173 0.000752 0.000068 2064
174 0.001811 0.000064 4200
175 0.000124 0.000049 6
176 0.000159 0.000033 19
177 0.000071 0.000020 1
178 0.001645 0.000068 5477
179 0.010425 0.000170 12922
180 0.000155 0.000038 7
181 0.009330 0.000298 10713
182 0.253823 0.006651 856400
183 0.750117 0.012640 2657899
184 0.577885 0.008438 2205875
185 1.563497 0.014271 9185192
186 1.923091 0.119952 10945037
187 0.000245 0.000022 25
189 0.122462 0.001492 99648
190 0.000792 0.000057 518
191 0.060620 0.000364 299799
192 0.003799 0.000035 7128
193 1.512802 0.024279 9185136
194 0.048414 0.000531 61755
195 1.582502 0.043664 9182983
196 0.084703 0.000600 197783
198 0.003559 0.000104 13656
199 0.002019 0.000037 9107
200 1.472674 0.044628 6213934
203 1.160012 0.019011 6207926
204 0.003085 0.009017 754
205 1.484721 0.012358 9354941
206 0.367939 0.020345 519474
207 5.790583 0.311254 90668763
209 0.009582 0.000183 14545
210 0.000782 0.000032 1153
213 6.484716 0.182190 7144
214 0.669369 0.020820 979618
216 0.000292 0.000033 149
217 0.774422 1.188709 2524828
218 0.028394 0.004917 100654
219 0.011145 0.000150 44946
220 0.155264 0.004791 666755
221 0.037970 0.000215 175856
223 0.041008 0.000071 120963
224 0.296128 0.026288 1044293
225 0.129581 0.001454 515234
226 0.074907 0.000591 346494
227 0.040718 0.000156 110668
228 0.326958 0.005184 1246249
229 0.094961 0.000599 330263
230 0.003337 0.000036 10634
231 0.208300 0.002468 707921
233 0.053801 0.000203 137062
234 0.040862 0.000489 210707
235 0.003483 0.000080 10651
236 0.000615 0.000034 1583
237 0.000696 0.000045 2137
238 0.000357 0.000029 903
239 0.000453 0.000040 1174
240 0.008159 0.000110 23043
241 0.016463 0.000181 38974
242 0.022732 0.000112 57427
243 0.052391 0.000291 129623
244 0.001031 0.000037 3079
245 0.000722 0.000028 2692
246 0.051053 0.000255 163913
247 0.032050 0.000154 63946
248 0.012528 0.000184 31198
249 0.146018 0.001256 470510
250 0.211680 0.001023 698052
251 0.002582 0.000070 6971
252 0.000174 0.000037 267
253 0.242951 0.003546 781475
254 0.015991 0.000393 40411
255 0.006191 0.000093 16737
256 0.087430 0.000582 255719
257 0.151772 0.001135 509196
258 0.000143 0.000025 328
259 0.075272 0.001697 223250
260 0.020893 0.000250 57782
261 0.000314 0.000042 853
262 0.000286 0.000017 791
263 0.002046 0.000057 5457
264 0.007187 0.000143 17017
265 0.099695 0.000840 261362
266 0.319524 0.009150 986547
267 0.000806 0.000041 1983
268 0.000087 0.000005 42
269 0.000747 0.000040 1827
270 0.000208 0.000035 415
271 0.000385 0.000046 861
272 0.000287 0.000007 570
273 0.005029 0.000068 14544
274 0.002678 0.000081 5924
275 0.088953 0.000907 349595
276 0.048311 0.000333 105025
277 0.002442 0.000071 6131
278 0.004037 0.000086 10685
279 0.000993 0.000074 3665
280 0.000435 0.000017 1514
281 0.003628 0.000093 8841
282 0.005673 0.000092 17465
283 0.001587 0.000036 4895
284 0.000130 0.000021 134
285 0.004221 0.000069 9210
286 0.008306 0.000079 21463
287 0.000637 0.000013 2356
288 0.010404 0.000042 23956
289 0.000851 0.000013 3353
291 0.040897 0.000232 57426
292 0.003547 0.000056 6660
293 0.004797 0.000048 7348
294 0.001769 0.000041 3078
295 0.022418 0.000112 31197
296 0.218965 0.017082 470509
297 0.000778 0.000052 1783
298 0.006017 0.000081 12106
299 0.004715 0.000064 8277
300 0.061857 0.000617 89382
301 0.007891 0.000138 12385
302 0.043991 0.000310 122621
303 0.000698 0.000057 1591
304 0.094054 0.001917 256853
305 0.018809 0.000256 23955
306 0.038449 0.000037 49734
309 0.025181 0.000152 42300
310 0.062009 0.000453 89382
311 0.357489 0.004047 781474
312 0.036901 0.000442 57781
313 0.098024 0.001508 260595
314 0.109814 0.000970 291589
315 0.093122 0.000730 246825
316 0.000561 0.000024 2680
318 0.030140 0.000391 8135
323 0.000130 0.000054 128
324 0.000324 0.000010 959
325 0.511420 0.016350 1170095
326 0.000174 0.000021 107
327 0.000334 0.000008 316
328 0.000462 0.000013 1051
329 0.000253 0.000016 383
330 0.000164 0.000034 116
331 0.000564 0.000052 997
332 0.000182 0.000007 206
333 0.000149 0.000010 96
334 0.134833 0.001538 329816
335 0.000504 0.000039 1142
336 0.000302 0.000023 409
337 0.000249 0.000011 268
338 1.511563 0.017931 2004929
339 0.349116 0.004282 843968
340 0.000216 0.000022 235
342 0.034966 0.000301 26206
343 0.011440 0.000076 13517
344 0.002563 0.000056 3182
345 0.042530 0.000115 28872
346 0.544883 0.014085 843967
348 0.000114 0.000018 75
350 0.226676 0.010505 996950
351 0.228778 0.003592 966899
353 0.329986 0.014991 903514
354 0.330752 0.003128 966899
355 0.052104 0.000993 386634
356 0.657529 0.011208 12360733
357 0.222815 0.001867 1697681
359 0.002664 0.000123 192
360 0.025483 0.000174 10047
361 0.040103 0.000181 14707
362 0.002067 0.000065 1704
365 0.000108 0.000028 53
367 0.000435 0.000041 601
368 0.004886 0.000062 5856
369 0.164515 0.000994 290937
370 0.003006 0.000052 4086
371 0.021033 0.000133 30030
372 0.000240 0.000015 239
373 0.066414 0.000984 109029
374 0.000842 0.000051 789
375 0.000287 0.000019 269
376 0.000737 0.000049 900
377 0.000093 0.000007 13
378 0.000075 0.000005 59
379 0.000255 0.000015 289
380 0.370584 0.005031 1088152
381 0.000422 0.000064 311
382 0.000501 0.000024 891
383 0.000133 0.000007 57
384 0.000409 0.000010 537
385 0.000677 0.000008 1006
386 0.000367 0.000008 390
387 0.018983 0.000184 24859
388 0.047207 0.000117 75470
389 0.002643 0.000054 3848
390 0.000244 0.000020 146
391 0.003050 0.000109 3835
392 1.044098 0.013497 2498646
393 0.000223 0.000026 127
394 0.060771 0.000173 122137
395 0.712248 0.091984 1363411
396 0.000207 0.000022 179
397 0.003911 0.001044 5942
398 0.002004 0.000034 3168
399 0.020709 0.000157 28849
400 0.005573 0.000030 8201
401 0.000398 0.000075 439
402 0.000195 0.000009 27
403 0.008237 0.000126 11601
404 0.001716 0.000052 2386
407 0.001030 0.000031 783
408 0.829955 0.018495 1085122
409 0.041046 0.000687 61698
410 0.028061 0.000141 24629
411 2.037799 0.035413 2498645
412 0.002609 0.000375 1973
413 1.212101 0.019525 1363410
414 0.001044 0.000084 693
415 0.039365 0.001664 28848
416 0.742352 0.009156 1111408
417 0.003008 0.000147 2938
418 0.000664 0.000040 644
421 0.512676 0.008534 877571
423 0.005169 0.000204 26817
424 0.110323 0.006297 78689
425 0.006135 0.000365 38715
426 0.005929 0.000102 24598
427 0.077948 0.002411 343827
428 0.612594 0.010398 2980690
429 0.000056 0.000023 1
430 0.001978 0.000640 6997
432 0.030929 0.001252 148521
433 0.000087 0.000015 121
434 0.002661 0.000026 10807
435 0.010107 0.000018 40612
436 0.003427 0.000010 13698
437 0.003551 0.000008 14188
438 0.003802 0.000007 15692
439 0.305944 0.005185 1357292
440 0.009730 0.000243 40274
441 0.002408 0.000157 9132
442 0.000092 0.000024 33
443 0.996421 0.015136 9181545
444 0.000174 0.000020 224
445 0.035453 0.001320 148635
448 0.051079 0.001545 190623
449 0.225923 0.001655 595733
453 0.089869 0.000898 471980
454 0.068683 0.000700 187488
455 0.000343 0.000034 623
456 0.002246 0.000045 6603
457 0.018009 0.000153 54309
458 0.938508 0.020361 2312241
459 0.188014 0.001750 907443
460 0.026400 0.000490 58404
461 0.081559 0.000986 323338
462 0.066943 0.000278 114246
463 0.155725 0.001072 332244
464 2.050476 0.013270 10728036
465 0.003449 0.000469 250
466 0.001441 0.000021 3172
467 0.015765 0.000099 40641
468 0.022962 0.000165 75658
469 0.006272 0.000049 25297
470 0.151595 0.002142 372911
471 0.004677 0.000385 19764
472 2.325881 0.017382 37325506
473 0.110465 0.001700 412629
474 0.000184 0.000023 4
475 0.344733 0.012015 1389450
476 0.001140 0.000019 3849
477 0.225532 0.005416 720660
478 0.001881 0.000083 7072
479 0.056927 0.000267 196991
480 0.344631 0.012381 1407164
482 0.003637 0.000223 15674
483 0.524713 0.018632 2482606
484 0.000104 0.000018 34
485 0.006052 0.000186 14950
486 0.628784 0.016972 3223122
487 0.319205 0.012937 1002697
488 0.987075 0.037348 2806245
489 0.016021 0.000348 46544
490 0.069449 0.000622 298949
491 2.651425 0.022711 20625442
492 0.008363 0.000496 21673
493 0.004112 0.000077 15654
495 0.002696 0.000047 5007
496 0.002744 0.000108 10669
497 0.000235 0.000025 503
498 0.000256 0.000036 0
499 0.000451 0.000013 1217
500 0.056583 0.000793 217394
501 0.002600 0.000109 9804
502 2.206394 0.033070 38410384
503 0.047891 0.000194 120157
504 0.021886 0.000406 67395
505 0.000304 0.000017 1
506 0.000980 0.000028 4606
507 0.029062 0.000389 13685
508 0.091510 0.000592 304233
509 0.000520 0.000036 44
510 0.182266 0.002954 7431
511 0.000083 0.000038 0
512 0.027576 0.000332 18895
513 0.183422 0.001379 619721
514 1.478258 0.015790 10939242
515 5.054567 0.049897 31279152
516 0.037371 0.000316 99335
517 0.061163 0.000857 299672
518 0.009902 0.000103 28466
519 0.034510 0.000424 168371
520 3.014445 0.037291 47822521
521 0.155156 0.001238 535787
522 1.687625 0.014674 11773978
523 0.113830 0.001348 412629
524 0.019762 0.000246 38542
525 0.000118 0.000006 9
526 0.003832 0.000044 12049
527 0.000129 0.000020 46
528 0.004105 0.000067 6312
529 0.000175 0.000005 24
531 0.001149 0.000060 3331
532 0.721610 0.025691 2043472
533 0.000312 0.000023 440
534 0.000140 0.000005 419
535 0.110877 0.002953 547067
536 0.026269 0.000340 58191
537 2.184914 0.010379 8765836
538 0.173325 0.002904 679117
539 0.004593 0.000153 18635
540 5.923834 0.026930 90321703
541 0.199750 0.004559 856148
542 0.001713 0.000045 6630
543 0.000218 0.000043 353
544 0.000471 0.000031 1980
545 4.042092 0.037559 55722209
546 0.010739 0.000566 35915
547 0.112950 0.001060 439163
548 0.006040 0.000402 16711
549 0.015371 0.000111 47444
550 0.062037 0.000767 402620
551 0.572571 0.015466 1978576
552 0.748503 0.023539 2500603
553 0.056410 0.000350 268452
554 0.117628 0.002016 406072
555 0.007665 0.000220 40268
556 0.587906 0.021074 2651800
557 4.804840 0.053096 75238748
558 0.103630 0.000446 363518
559 0.000159 0.000023 126
560 0.012698 0.000120 27850
561 0.259662 0.013945 1242624
562 0.160760 0.002594 550791
563 0.024677 0.000273 70830
564 0.001508 0.000011 7318
565 0.442613 0.008078 2197996
566 0.043186 0.000532 82820
567 0.000171 0.000019 223
568 0.030389 0.000073 62734
569 1.507274 0.021668 9182055
570 1.417166 0.029162 10915035
571 0.000439 0.000061 490
572 0.004325 0.000117 10331
573 2.243347 0.026846 10609468
574 0.033475 0.000106 75043
575 4.508974 0.049890 58080849
577 0.002019 0.000143 4349
578 0.008762 0.000099 15293
579 0.077571 0.000607 109733
580 0.118838 0.003539 586513
581 0.941328 0.022326 2334221
582 0.981523 0.027391 4094002
583 0.017436 0.000395 50518
584 3.106357 0.015461 17155132
585 1.209306 0.017368 5920180
586 0.196812 0.003408 630275
587 0.012623 0.000279 26160
588 0.209601 0.009763 795778
589 0.764051 0.017318 2261878
590 0.056769 0.000447 199106
591 0.103663 0.006667 527700
592 0.049761 0.000294 125051
593 0.017006 0.000066 45892
594 0.000150 0.000028 104
595 0.005054 0.000049 13303
596 0.004839 0.000068 15015
597 0.365536 0.003591 802694
598 0.062087 0.000266 90422
599 0.000434 0.000035 1605
602 3.350023 0.023162 10725156
603 0.034404 0.000474 95401
604 0.040215 0.000112 17215
605 1.215313 0.014582 5916824
607 0.000838 0.000042 3206
608 1.001895 0.014410 9181644
609 0.881961 0.030310 2980689
610 0.015047 0.000289 82052
611 0.001029 0.000061 4531
612 0.046360 0.001102 245925
613 0.042488 0.000396 188351
614 0.000081 0.000018 0
616 0.001330 0.000016 7272
617 0.116520 0.003063 581652
618 0.003289 0.000123 18192
619 0.008764 0.000083 50091
620 0.000867 0.000031 4889
624 0.136816 0.005091 577627
625 0.012746 0.000347 27850
626 1.500319 0.012698 9182055
627 0.003009 0.000156 14027
628 0.000094 0.000009 78
629 0.000091 0.000016 29
631 0.000275 0.000050 228
632 0.000098 0.000013 16
634 0.000399 0.000009 61
637 0.000092 0.000021 8
638 0.001079 0.000280 4731
639 0.000216 0.000042 140
640 0.051381 0.000260 22336
641 0.002314 0.000106 781
642 0.042382 0.000396 17700
643 0.098330 0.000264 22335
644 0.079727 0.000131 17699
649 0.011416 0.000371 47609
651 0.019055 0.000214 211
652 0.677646 0.013688 642941
656 0.105022 0.000527 22291
657 0.086281 0.000774 17474
658 0.105270 0.000251 22291
659 0.086129 0.000721 17474
