1 175 0 6
2 234 0 20
3 351 0 11
4 465 0 16
5 482 0 18
6 367 0 17
7 385 0 63
8 176 0 7
9 199 0 6
10 280 0 42
11 1179475 0 37280216
12 144 0 6
13 187 0 6
14 160 0 6
15 163 0 6
16 162 0 6
17 168 0 6
18 160 0 6
19 161 0 6
20 162 0 6
21 239 0 7
22 155 0 7
23 138 0 5
24 422 0 36
25 137 0 7
26 205 0 8
27 120 0 4
28 113 0 5
29 137 0 5
30 40 0 1
31 150 0 6
32 91 0 3
33 147 0 5
34 140 0 9
35 146 0 6
36 137 0 6
37 197 0 6
38 1530 0 237
39 159 0 5
40 151 0 6
41 163 0 7
42 181 0 5
43 153 0 7
44 224 0 7
45 152 0 7
46 152 0 7
47 215 0 7
48 206 0 7
49 172 0 4
50 161 0 4
51 178 0 4
52 174 0 4
53 172 0 4
54 218 0 4
55 173 0 4
56 176 0 4
57 187 0 4
58 359 0 20
59 262 0 16
60 265 0 20
61 339 0 19
62 218089 0 302258
63 0 0 0
64 516 0 113
65 202 0 6
66 195 0 6
67 196508 0 172543
68 114 0 4
69 122 0 4
70 119 0 4
71 73 0 2
72 51127 0 22336
73 285 0 30
74 230 0 7
75 224 0 6
76 230 0 6
77 222 0 6
78 256 0 6
79 202 0 5
80 204 0 5
81 0 0 0
82 283 0 18
83 152 0 5
84 243 0 22
85 220 0 7
86 200 0 7
87 193 0 5
88 196 0 5
89 242 0 7
90 240 0 6
91 48 0 1
92 174 0 6
93 410 0 30
94 424 0 30
95 366 0 20
96 162 0 5
97 0 0 0
98 0 0 0
99 192 0 4
100 469 0 46
101 324 0 18
102 41494 0 17700
103 142 0 5
104 0 0 0
105 0 0 0
106 272 0 18
107 132 0 5
108 387 0 71
109 137 0 5
110 88 0 3
111 172 0 6
112 155 0 5
113 149 0 5
115 22295 0 23050
120 816574 0 3807963
124 5798363 0 76388701
125 14270 0 27850
126 1782727 0 9183151
127 100248 0 527701
128 274 0 276
130 20904 0 48992
132 6382403 0 60480400
133 5649040 0 10946931
136 333623 0 1246249
137 292867 0 1008687
138 27117 0 79853
139 10787 0 24856
140 342231 0 781652
141 34418 0 102347
145 2163 0 5554
146 14527 0 41592
147 2971 0 2095
148 17033 0 18793
149 7143 0 43405
150 8308 0 50972
154 180327 0 426409
156 1798838 0 11927180
157 222978 0 136607
158 608 0 459
159 329 0 239
160 7869 0 10666
161 172893 0 471026
162 111101 0 284700
163 4169 0 12107
164 153 0 20
165 150 0 9
166 1098 0 1507
167 112 0 3
168 388798 0 986775
169 1283647 0 2517306
170 89210 0 195192
171 11837 0 23347
172 202 0 46
173 714 0 2064
174 1787 0 4200
175 201 0 6
176 193 0 19
177 98 0 1
178 1598 0 5477
179 10187 0 12922
180 197 0 7
181 9205 0 10713
182 260845 0 856400
183 750743 0 2657899
184 593349 0 2205875
185 1539665 0 9185192
186 2024884 0 10945037
187 246 0 25
189 123931 0 99648
190 763 0 518
191 61303 0 299799
192 3791 0 7128
193 1499211 0 9185136
194 48397 0 61755
195 1573632 0 9182983
196 84979 0 197783
198 3582 0 13656
199 2010 0 9107
200 1461388 0 6213934
203 1166552 0 6207926
204 256 0 754
205 1481296 0 9354941
206 357718 0 519474
207 6093905 0 90668763
209 9454 0 14545
210 782 0 1153
213 6693842 0 7144
214 652987 0 979618
216 260 0 149
217 391918 0 2524828
218 28129 0 100654
219 11012 0 44946
220 158510 0 666755
221 38194 0 175856
223 40962 0 120963
224 282722 0 1044293
225 130999 0 515234
226 75465 0 346494
227 41086 0 110668
228 329329 0 1246249
229 95129 0 330263
230 3333 0 10634
231 207484 0 707921
233 53770 0 137062
234 40943 0 210707
235 3498 0 10651
236 591 0 1583
237 744 0 2137
238 346 0 903
239 517 0 1174
240 8158 0 23043
241 16395 0 38974
242 22808 0 57427
243 52694 0 129623
244 1084 0 3079
245 720 0 2692
246 50794 0 163913
247 32031 0 63946
248 12484 0 31198
249 144144 0 470510
250 212838 0 698052
251 2557 0 6971
252 244 0 267
253 241541 0 781475
254 15808 0 40411
255 6230 0 16737
256 87493 0 255719
257 151209 0 509196
258 148 0 328
259 77346 0 223250
260 21107 0 57782
261 312 0 853
262 311 0 791
263 2020 0 5457
264 7149 0 17017
265 99473 0 261362
266 314930 0 986547
267 795 0 1983
268 87 0 42
269 764 0 1827
270 286 0 415
271 392 0 861
272 293 0 570
273 4999 0 14544
274 2685 0 5924
275 88507 0 349595
276 48250 0 105025
277 2559 0 6131
278 3960 0 10685
279 967 0 3665
280 433 0 1514
281 3610 0 8841
282 5609 0 17465
283 1565 0 4895
284 125 0 134
285 4152 0 9210
286 8390 0 21463
287 633 0 2356
288 10385 0 23956
289 844 0 3353
291 41198 0 57426
292 3476 0 6660
293 4775 0 7348
294 1712 0 3078
295 22490 0 31197
296 223645 0 470509
297 769 0 1783
298 5990 0 12106
299 4771 0 8277
300 62162 0 89382
301 8088 0 12385
302 44039 0 122621
303 663 0 1591
304 94349 0 256853
305 18677 0 23955
306 38470 0 49734
309 25141 0 42300
310 62074 0 89382
311 355510 0 781474
312 36458 0 57781
313 95507 0 260595
314 110454 0 291589
315 92535 0 246825
316 553 0 2680
318 29557 0 8135
323 115 0 128
324 326 0 959
325 501178 0 1170095
326 178 0 107
327 335 0 316
328 456 0 1051
329 261 0 383
330 203 0 116
331 563 0 997
332 183 0 206
333 151 0 96
334 138894 0 329816
335 501 0 1142
336 300 0 409
337 247 0 268
338 1536279 0 2004929
339 346828 0 843968
340 224 0 235
342 34602 0 26206
343 11381 0 13517
344 2532 0 3182
345 42655 0 28872
346 533285 0 843967
348 112 0 75
350 221159 0 996950
351 228465 0 966899
353 327885 0 903514
354 332084 0 966899
355 52189 0 386634
356 653062 0 12360733
357 224774 0 1697681
359 2661 0 192
360 25156 0 10047
361 40098 0 14707
362 2003 0 1704
365 94 0 53
367 473 0 601
368 4813 0 5856
369 164367 0 290937
370 3001 0 4086
371 21033 0 30030
372 254 0 239
373 68143 0 109029
374 824 0 789
375 329 0 269
376 737 0 900
377 96 0 13
378 78 0 59
379 253 0 289
380 375678 0 1088152
381 386 0 311
382 505 0 891
383 137 0 57
384 417 0 537
385 676 0 1006
386 373 0 390
387 19168 0 24859
388 47206 0 75470
389 2643 0 3848
390 233 0 146
391 2968 0 3835
392 1052452 0 2498646
393 220 0 127
394 61006 0 122137
395 710746 0 1363411
396 201 0 179
397 3615 0 5942
398 2046 0 3168
399 20725 0 28849
400 5531 0 8201
401 409 0 439
402 212 0 27
403 8221 0 11601
404 1808 0 2386
407 1048 0 783
408 829642 0 1085122
409 40541 0 61698
410 27987 0 24629
411 2076263 0 2498645
412 3410 0 1973
413 1194879 0 1363410
414 895 0 693
415 40609 0 28848
416 739222 0 1111408
417 3117 0 2938
418 635 0 644
421 508552 0 877571
423 5443 0 26817
424 127423 0 78689
425 6020 0 38715
426 5948 0 24598
427 78626 0 343827
428 605054 0 2980690
429 54 0 1
430 1814 0 6997
432 31453 0 148521
433 89 0 121
434 2646 0 10807
435 10121 0 40612
436 3419 0 13698
437 3558 0 14188
438 3805 0 15692
439 306231 0 1357292
440 9759 0 40274
441 2532 0 9132
442 90 0 33
443 989848 0 9181545
444 168 0 224
445 35817 0 148635
448 50749 0 190623
449 222403 0 595733
453 89859 0 471980
454 67654 0 187488
455 348 0 623
456 2231 0 6603
457 18112 0 54309
458 928561 0 2312241
459 186940 0 907443
460 26426 0 58404
461 82244 0 323338
462 67022 0 114246
463 155405 0 332244
464 2043636 0 10728036
465 4299 0 250
466 1462 0 3172
467 15848 0 40641
468 22879 0 75658
469 6209 0 25297
470 148214 0 372911
471 4702 0 19764
472 2312204 0 37325506
473 110677 0 412629
474 176 0 4
475 344230 0 1389450
476 1139 0 3849
477 222389 0 720660
478 1809 0 7072
479 57317 0 196991
480 342658 0 1407164
482 3678 0 15674
483 503154 0 2482606
484 102 0 34
485 6389 0 14950
486 630327 0 3223122
487 313210 0 1002697
488 1006295 0 2806245
489 16086 0 46544
490 69995 0 298949
491 2650344 0 20625442
492 8448 0 21673
493 4050 0 15654
495 2678 0 5007
496 2700 0 10669
497 222 0 503
498 324 0 0
499 474 0 1217
500 55854 0 217394
501 2754 0 9804
502 2226361 0 38410384
503 47741 0 120157
504 21626 0 67395
505 310 0 1
506 1050 0 4606
507 29388 0 13685
508 91807 0 304233
509 501 0 44
510 182855 0 7431
511 71 0 0
512 27268 0 18895
513 182306 0 619721
514 1475380 0 10939242
515 5065725 0 31279152
516 36981 0 99335
517 60145 0 299672
518 9972 0 28466
519 34101 0 168371
520 3037026 0 47822521
521 155490 0 535787
522 1695909 0 11773978
523 112991 0 412629
524 20061 0 38542
525 120 0 9
526 3798 0 12049
527 127 0 46
528 4059 0 6312
529 176 0 24
531 1164 0 3331
532 713985 0 2043472
533 304 0 440
534 139 0 419
535 114544 0 547067
536 26077 0 58191
537 2183123 0 8765836
538 175907 0 679117
539 4780 0 18635
540 5960708 0 90321703
541 212579 0 856148
542 1719 0 6630
543 312 0 353
544 484 0 1980
545 4079909 0 55722209
546 10760 0 35915
547 113121 0 439163
548 5927 0 16711
549 15313 0 47444
550 61219 0 402620
551 602131 0 1978576
552 801605 0 2500603
553 56647 0 268452
554 116759 0 406072
555 7574 0 40268
556 595729 0 2651800
557 4781355 0 75238748
558 103358 0 363518
559 156 0 126
560 12902 0 27850
561 252833 0 1242624
562 158552 0 550791
563 24251 0 70830
564 1508 0 7318
565 442435 0 2197996
566 42939 0 82820
567 170 0 223
568 30331 0 62734
569 1521484 0 9182055
570 1412562 0 10915035
571 417 0 490
572 4282 0 10331
573 2250848 0 10609468
574 33374 0 75043
575 4497653 0 58080849
577 2116 0 4349
578 8822 0 15293
579 78401 0 109733
580 113700 0 586513
581 947847 0 2334221
582 962350 0 4094002
583 17293 0 50518
584 3091933 0 17155132
585 1220294 0 5920180
586 192661 0 630275
587 12652 0 26160
588 205372 0 795778
589 767033 0 2261878
590 57956 0 199106
591 97889 0 527700
592 49616 0 125051
593 17091 0 45892
594 187 0 104
595 5064 0 13303
596 4786 0 15015
597 363806 0 802694
598 62113 0 90422
599 419 0 1605
602 3329578 0 10725156
603 34305 0 95401
604 40094 0 17215
605 1212265 0 5916824
607 867 0 3206
608 996627 0 9181644
609 851655 0 2980689
610 15093 0 82052
611 1012 0 4531
612 48616 0 245925
613 42635 0 188351
614 80 0 0
616 1323 0 7272
617 115774 0 581652
618 3411 0 18192
619 8825 0 50091
620 898 0 4889
624 136593 0 577627
625 13028 0 27850
626 1493357 0 9182055
627 3189 0 14027
628 106 0 78
629 79 0 29
631 260 0 228
632 98 0 16
634 392 0 61
637 112 0 8
638 1871 0 4731
639 193 0 140
640 51099 0 22336
641 2372 0 781
642 42480 0 17700
643 98310 0 22335
644 79790 0 17699
649 11249 0 47609
651 19032 0 211
652 662924 0 642941
656 104264 0 22291
657 87173 0 17474
658 105672 0 22291
659 87649 0 17474
