1 170 0 6
2 259 0 20
3 488 0 11
4 396 0 16
5 508 0 18
6 364 0 17
7 387 0 63
8 171 0 7
9 193 0 6
10 278 0 42
11 1170846 0 37280216
12 138 0 6
13 137 0 6
14 166 0 6
15 161 0 6
16 161 0 6
17 164 0 6
18 164 0 6
19 159 0 6
20 160 0 6
21 319 0 7
22 147 0 7
23 137 0 5
24 408 0 36
25 134 0 7
26 165 0 8
27 113 0 4
28 125 0 5
29 137 0 5
30 40 0 1
31 139 0 6
32 90 0 3
33 145 0 5
34 138 0 9
35 162 0 6
36 137 0 6
37 175 0 6
38 1284 0 237
39 126 0 5
40 132 0 6
41 152 0 7
42 152 0 5
43 205 0 7
44 151 0 7
45 222 0 7
46 150 0 7
47 147 0 7
48 273 0 7
49 121 0 4
50 177 0 4
51 167 0 4
52 167 0 4
53 167 0 4
54 169 0 4
55 171 0 4
56 173 0 4
57 168 0 4
58 347 0 20
59 261 0 16
60 261 0 20
61 363 0 19
62 216469 0 302258
63 0 0 0
64 495 0 113
65 187 0 6
66 193 0 6
67 196687 0 172543
68 122 0 4
69 118 0 4
70 121 0 4
71 66 0 2
72 51214 0 22336
73 272 0 30
74 219 0 7
75 227 0 6
76 221 0 6
77 222 0 6
78 217 0 6
79 225 0 5
80 190 0 5
81 0 0 0
82 376 0 18
83 145 0 5
84 249 0 22
85 162 0 7
86 163 0 7
87 138 0 5
88 137 0 5
89 156 0 7
90 138 0 6
91 40 0 1
92 167 0 6
93 396 0 30
94 565 0 30
95 370 0 20
96 159 0 5
97 0 0 0
98 0 0 0
99 172 0 4
100 512 0 46
101 481 0 18
102 41502 0 17700
103 136 0 5
104 0 0 0
105 0 0 0
106 266 0 18
107 117 0 5
108 391 0 71
109 134 0 5
110 87 0 3
111 159 0 6
112 137 0 5
113 145 0 5
115 22389 0 23050
120 824953 0 3807963
124 5871854 0 76388701
125 12802 0 27850
126 1611288 0 9183151
127 97475 0 527701
128 266 0 276
130 20778 0 48992
132 6435724 0 60480400
133 5619265 0 10946931
136 324369 0 1246249
137 295598 0 1008687
138 26859 0 79853
139 10817 0 24856
140 362427 0 781652
141 34442 0 102347
145 2173 0 5554
146 14355 0 41592
147 2836 0 2095
148 16962 0 18793
149 6747 0 43405
150 8297 0 50972
154 184173 0 426409
156 1723551 0 11927180
157 220863 0 136607
158 594 0 459
159 356 0 239
160 7893 0 10666
161 171092 0 471026
162 112866 0 284700
163 4277 0 12107
164 210 0 20
165 143 0 9
166 1085 0 1507
167 154 0 3
168 389334 0 986775
169 1253945 0 2517306
170 87324 0 195192
171 11576 0 23347
172 139 0 46
173 723 0 2064
174 1714 0 4200
175 95 0 6
176 139 0 19
177 55 0 1
178 1617 0 5477
179 10418 0 12922
180 137 0 7
181 9206 0 10713
182 252378 0 856400
183 746087 0 2657899
184 564472 0 2205875
185 1579241 0 9185192
186 1750436 0 10945037
187 234 0 25
189 121264 0 99648
190 766 0 518
191 60729 0 299799
192 3791 0 7128
193 1500733 0 9185136
194 47897 0 61755
195 1567990 0 9182983
196 83793 0 197783
198 3558 0 13656
199 2004 0 9107
200 1584766 0 6213934
203 1187531 0 6207926
204 222 0 754
205 1499861 0 9354941
206 351200 0 519474
207 5427799 0 90668763
209 9551 0 14545
210 776 0 1153
213 6272860 0 7144
214 680872 0 979618
216 320 0 149
217 388791 0 2524828
218 26756 0 100654
219 11155 0 44946
220 151704 0 666755
221 37694 0 175856
223 41150 0 120963
224 285263 0 1044293
225 128324 0 515234
226 74788 0 346494
227 40706 0 110668
228 321378 0 1246249
229 95123 0 330263
230 3346 0 10634
231 204377 0 707921
233 53925 0 137062
234 40797 0 210707
235 3431 0 10651
236 642 0 1583
237 678 0 2137
238 352 0 903
239 416 0 1174
240 8101 0 23043
241 16464 0 38974
242 22706 0 57427
243 52118 0 129623
244 1008 0 3079
245 733 0 2692
246 51059 0 163913
247 32175 0 63946
248 12529 0 31198
249 146268 0 470510
250 211233 0 698052
251 2535 0 6971
252 148 0 267
253 241875 0 781475
254 15773 0 40411
255 6080 0 16737
256 87212 0 255719
257 152532 0 509196
258 136 0 328
259 74978 0 223250
260 20644 0 57782
261 316 0 853
262 289 0 791
263 2029 0 5457
264 7180 0 17017
265 99464 0 261362
266 315148 0 986547
267 793 0 1983
268 80 0 42
269 774 0 1827
270 182 0 415
271 361 0 861
272 288 0 570
273 4982 0 14544
274 2876 0 5924
275 89207 0 349595
276 48650 0 105025
277 2362 0 6131
278 3952 0 10685
279 935 0 3665
280 430 0 1514
281 3585 0 8841
282 5540 0 17465
283 1604 0 4895
284 115 0 134
285 4212 0 9210
286 8267 0 21463
287 632 0 2356
288 10378 0 23956
289 858 0 3353
291 40830 0 57426
292 3507 0 6660
293 4888 0 7348
294 1764 0 3078
295 22260 0 31197
296 208998 0 470509
297 760 0 1783
298 6018 0 12106
299 4712 0 8277
300 61343 0 89382
301 7880 0 12385
302 43998 0 122621
303 747 0 1591
304 90980 0 256853
305 18685 0 23955
306 38415 0 49734
309 25083 0 42300
310 62231 0 89382
311 355784 0 781474
312 36670 0 57781
313 96740 0 260595
314 109058 0 291589
315 93309 0 246825
316 548 0 2680
318 30455 0 8135
323 111 0 128
324 311 0 959
325 548713 0 1170095
326 168 0 107
327 327 0 316
328 464 0 1051
329 240 0 383
330 146 0 116
331 556 0 997
332 178 0 206
333 174 0 96
334 134755 0 329816
335 485 0 1142
336 297 0 409
337 245 0 268
338 1517671 0 2004929
339 355641 0 843968
340 207 0 235
342 34893 0 26206
343 11474 0 13517
344 2520 0 3182
345 42490 0 28872
346 539139 0 843967
348 105 0 75
350 222925 0 996950
351 227558 0 966899
353 324922 0 903514
354 328265 0 966899
355 52905 0 386634
356 666846 0 12360733
357 221626 0 1697681
359 2633 0 192
360 25474 0 10047
361 40317 0 14707
362 2058 0 1704
365 116 0 53
367 411 0 601
368 4800 0 5856
369 164290 0 290937
370 2999 0 4086
371 20921 0 30030
372 230 0 239
373 65704 0 109029
374 798 0 789
375 281 0 269
376 734 0 900
377 92 0 13
378 72 0 59
379 241 0 289
380 363985 0 1088152
381 372 0 311
382 500 0 891
383 135 0 57
384 402 0 537
385 671 0 1006
386 362 0 390
387 18939 0 24859
388 47147 0 75470
389 2651 0 3848
390 229 0 146
391 3075 0 3835
392 1025067 0 2498646
393 212 0 127
394 60708 0 122137
395 722501 0 1363411
396 202 0 179
397 3515 0 5942
398 2074 0 3168
399 20676 0 28849
400 5575 0 8201
401 341 0 439
402 193 0 27
403 8177 0 11601
404 1723 0 2386
407 1053 0 783
408 827483 0 1085122
409 41192 0 61698
410 27990 0 24629
411 2006178 0 2498645
412 2385 0 1973
413 1228348 0 1363410
414 1031 0 693
415 38223 0 28848
416 735184 0 1111408
417 2858 0 2938
418 670 0 644
421 502708 0 877571
423 5287 0 26817
424 110679 0 78689
425 5829 0 38715
426 5856 0 24598
427 76967 0 343827
428 605245 0 2980690
429 46 0 1
430 1726 0 6997
432 30700 0 148521
433 80 0 121
434 2660 0 10807
435 10092 0 40612
436 3427 0 13698
437 3549 0 14188
438 3799 0 15692
439 301491 0 1357292
440 9778 0 40274
441 2352 0 9132
442 100 0 33
443 986737 0 9181545
444 165 0 224
445 34652 0 148635
448 50327 0 190623
449 225352 0 595733
453 89118 0 471980
454 68299 0 187488
455 331 0 623
456 2214 0 6603
457 17856 0 54309
458 917187 0 2312241
459 187661 0 907443
460 26351 0 58404
461 82315 0 323338
462 67304 0 114246
463 154626 0 332244
464 2050529 0 10728036
465 3190 0 250
466 1428 0 3172
467 15656 0 40641
468 23240 0 75658
469 6269 0 25297
470 150462 0 372911
471 4603 0 19764
472 2344416 0 37325506
473 109683 0 412629
474 176 0 4
475 337140 0 1389450
476 1138 0 3849
477 223318 0 720660
478 1762 0 7072
479 56532 0 196991
480 338743 0 1407164
482 3651 0 15674
483 520638 0 2482606
484 94 0 34
485 6040 0 14950
486 591911 0 3223122
487 311818 0 1002697
488 1022581 0 2806245
489 15930 0 46544
490 69291 0 298949
491 2624656 0 20625442
492 8222 0 21673
493 4173 0 15654
495 2629 0 5007
496 2919 0 10669
497 221 0 503
498 270 0 0
499 434 0 1217
500 56562 0 217394
501 2545 0 9804
502 2167930 0 38410384
503 47687 0 120157
504 21962 0 67395
505 298 0 1
506 972 0 4606
507 28970 0 13685
508 91138 0 304233
509 504 0 44
510 180486 0 7431
511 66 0 0
512 27350 0 18895
513 182830 0 619721
514 1513969 0 10939242
515 5064268 0 31279152
516 37263 0 99335
517 61521 0 299672
518 9817 0 28466
519 34474 0 168371
520 2971873 0 47822521
521 156458 0 535787
522 1670554 0 11773978
523 117320 0 412629
524 19541 0 38542
525 117 0 9
526 3831 0 12049
527 117 0 46
528 4042 0 6312
529 171 0 24
531 1086 0 3331
532 717376 0 2043472
533 301 0 440
534 137 0 419
535 107915 0 547067
536 26318 0 58191
537 2195593 0 8765836
538 173486 0 679117
539 4531 0 18635
540 5902987 0 90321703
541 197838 0 856148
542 1648 0 6630
543 192 0 353
544 451 0 1980
545 4002848 0 55722209
546 10624 0 35915
547 112969 0 439163
548 5703 0 16711
549 15260 0 47444
550 62242 0 402620
551 592664 0 1978576
552 719087 0 2500603
553 56628 0 268452
554 118415 0 406072
555 7702 0 40268
556 561386 0 2651800
557 4763084 0 75238748
558 104073 0 363518
559 149 0 126
560 12690 0 27850
561 260391 0 1242624
562 160069 0 550791
563 24592 0 70830
564 1510 0 7318
565 439867 0 2197996
566 42991 0 82820
567 161 0 223
568 30390 0 62734
569 1518220 0 9182055
570 1431016 0 10915035
571 413 0 490
572 4270 0 10331
573 2260809 0 10609468
574 33634 0 75043
575 4562840 0 58080849
577 1914 0 4349
578 8676 0 15293
579 76922 0 109733
580 122527 0 586513
581 930245 0 2334221
582 974012 0 4094002
583 17220 0 50518
584 3122288 0 17155132
585 1178208 0 5920180
586 203796 0 630275
587 12372 0 26160
588 206039 0 795778
589 749667 0 2261878
590 56512 0 199106
591 102789 0 527700
592 49520 0 125051
593 17059 0 45892
594 132 0 104
595 5123 0 13303
596 4759 0 15015
597 365333 0 802694
598 62425 0 90422
599 421 0 1605
602 3381422 0 10725156
603 34343 0 95401
604 40127 0 17215
605 1208358 0 5916824
607 778 0 3206
608 1005988 0 9181644
609 853382 0 2980689
610 14740 0 82052
611 982 0 4531
612 46358 0 245925
613 42712 0 188351
614 73 0 0
616 1324 0 7272
617 115438 0 581652
618 3242 0 18192
619 8706 0 50091
620 862 0 4889
624 141719 0 577627
625 12615 0 27850
626 1519986 0 9182055
627 2986 0 14027
628 101 0 78
629 86 0 29
631 257 0 228
632 92 0 16
634 388 0 61
637 84 0 8
638 985 0 4731
639 214 0 140
640 51175 0 22336
641 2270 0 781
642 42173 0 17700
643 98418 0 22335
644 79627 0 17699
649 11233 0 47609
651 18909 0 211
652 679660 0 642941
656 105320 0 22291
657 85792 0 17474
658 105130 0 22291
659 85887 0 17474
