1 313 0 6
2 311 0 20
3 432 0 11
4 476 0 16
5 585 0 18
6 380 0 17
7 410 0 63
8 187 0 7
9 178 0 6
10 340 0 42
11 1185973 0 37280216
12 222 0 6
13 196 0 6
14 170 0 6
15 171 0 6
16 169 0 6
17 167 0 6
18 166 0 6
19 169 0 6
20 172 0 6
21 382 0 7
22 215 0 7
23 146 0 5
24 507 0 36
25 150 0 7
26 181 0 8
27 122 0 4
28 121 0 5
29 145 0 5
30 45 0 1
31 304 0 6
32 99 0 3
33 145 0 5
34 150 0 9
35 147 0 6
36 144 0 6
37 168 0 6
38 1666 0 237
39 151 0 5
40 137 0 6
41 309 0 7
42 164 0 5
43 171 0 7
44 221 0 7
45 160 0 7
46 161 0 7
47 185 0 7
48 183 0 7
49 133 0 4
50 131 0 4
51 333 0 4
52 189 0 4
53 216 0 4
54 228 0 4
55 201 0 4
56 199 0 4
57 193 0 4
58 438 0 20
59 276 0 16
60 272 0 20
61 486 0 19
62 211662 0 302258
63 0 0 0
64 589 0 113
65 270 0 6
66 195 0 6
67 199163 0 172543
68 162 0 4
69 129 0 4
70 128 0 4
71 210 0 2
72 51487 0 22336
73 336 0 30
74 275 0 7
75 283 0 6
76 295 0 6
77 284 0 6
78 290 0 6
79 242 0 5
80 224 0 5
81 9 0 0
82 423 0 18
83 219 0 5
84 403 0 22
85 296 0 7
86 283 0 7
87 240 0 5
88 235 0 5
89 275 0 7
90 232 0 6
91 230 0 1
92 205 0 6
93 474 0 30
94 347 0 30
95 423 0 20
96 207 0 5
97 0 0 0
98 0 0 0
99 180 0 4
100 542 0 46
101 643 0 18
102 41872 0 17700
103 211 0 5
104 1 0 0
105 0 0 0
106 423 0 18
107 157 0 5
108 399 0 71
109 147 0 5
110 95 0 3
111 311 0 6
112 144 0 5
113 157 0 5
115 22592 0 23050
120 805719 0 3807963
124 5850963 0 76388701
125 18288 0 27850
126 1793955 0 9183151
127 100654 0 527701
128 378 0 276
130 20940 0 48992
132 6368600 0 60480400
133 5634486 0 10946931
136 346270 0 1246249
137 291840 0 1008687
138 27554 0 79853
139 11376 0 24856
140 346063 0 781652
141 34937 0 102347
145 2293 0 5554
146 14736 0 41592
147 3124 0 2095
148 17086 0 18793
149 7414 0 43405
150 8266 0 50972
154 181526 0 426409
156 1733297 0 11927180
157 259371 0 136607
158 695 0 459
159 346 0 239
160 8203 0 10666
161 172554 0 471026
162 110888 0 284700
163 4526 0 12107
164 172 0 20
165 162 0 9
166 1150 0 1507
167 131 0 3
168 405493 0 986775
169 1256584 0 2517306
170 87992 0 195192
171 12147 0 23347
172 257 0 46
173 929 0 2064
174 1936 0 4200
175 228 0 6
176 238 0 19
177 101 0 1
178 1812 0 5477
179 10708 0 12922
180 250 0 7
181 10167 0 10713
182 250364 0 856400
183 768652 0 2657899
184 570055 0 2205875
185 1558261 0 9185192
186 2052109 0 10945037
187 307 0 25
189 123886 0 99648
190 875 0 518
191 60523 0 299799
192 3898 0 7128
193 1531059 0 9185136
194 49541 0 61755
195 1574695 0 9182983
196 85501 0 197783
198 3804 0 13656
199 2079 0 9107
200 1508986 0 6213934
203 1143178 0 6207926
204 28749 0 754
205 1494001 0 9354941
206 346989 0 519474
207 6116140 0 90668763
209 10025 0 14545
210 870 0 1153
213 6643433 0 7144
214 653830 0 979618
216 352 0 149
217 441925 0 2524828
218 42313 0 100654
219 11298 0 44946
220 155672 0 666755
221 38143 0 175856
223 40950 0 120963
224 293227 0 1044293
225 132187 0 515234
226 74588 0 346494
227 40695 0 110668
228 330438 0 1246249
229 94305 0 330263
230 3431 0 10634
231 208601 0 707921
233 54058 0 137062
234 41027 0 210707
235 3674 0 10651
236 697 0 1583
237 775 0 2137
238 440 0 903
239 458 0 1174
240 8432 0 23043
241 16767 0 38974
242 22940 0 57427
243 52796 0 129623
244 1111 0 3079
245 788 0 2692
246 51463 0 163913
247 32338 0 63946
248 12524 0 31198
249 147847 0 470510
250 213533 0 698052
251 2731 0 6971
252 240 0 267
253 242599 0 781475
254 17068 0 40411
255 6392 0 16737
256 86568 0 255719
257 154066 0 509196
258 211 0 328
259 73400 0 223250
260 21120 0 57782
261 430 0 853
262 320 0 791
263 2185 0 5457
264 7400 0 17017
265 99025 0 261362
266 318402 0 986547
267 923 0 1983
268 100 0 42
269 826 0 1827
270 249 0 415
271 510 0 861
272 302 0 570
273 5082 0 14544
274 2703 0 5924
275 91318 0 349595
276 48480 0 105025
277 2494 0 6131
278 4216 0 10685
279 1018 0 3665
280 484 0 1514
281 3846 0 8841
282 5773 0 17465
283 1672 0 4895
284 137 0 134
285 4375 0 9210
286 8431 0 21463
287 672 0 2356
288 10482 0 23956
289 883 0 3353
291 41382 0 57426
292 3663 0 6660
293 4785 0 7348
294 1812 0 3078
295 22585 0 31197
296 249482 0 470509
297 925 0 1783
298 6108 0 12106
299 4780 0 8277
300 62938 0 89382
301 8114 0 12385
302 44758 0 122621
303 715 0 1591
304 97202 0 256853
305 19087 0 23955
306 38431 0 49734
309 25017 0 42300
310 60823 0 89382
311 359101 0 781474
312 38077 0 57781
313 97298 0 260595
314 111809 0 291589
315 92706 0 246825
316 628 0 2680
318 30675 0 8135
323 283 0 128
324 345 0 959
325 513687 0 1170095
326 231 0 107
327 352 0 316
328 488 0 1051
329 274 0 383
330 247 0 116
331 708 0 997
332 200 0 206
333 159 0 96
334 135787 0 329816
335 614 0 1142
336 368 0 409
337 280 0 268
338 1519350 0 2004929
339 346840 0 843968
340 278 0 235
342 35628 0 26206
343 11531 0 13517
344 2608 0 3182
345 42745 0 28872
346 571655 0 843967
348 165 0 75
350 222310 0 996950
351 229958 0 966899
353 323594 0 903514
354 327224 0 966899
355 51970 0 386634
356 655741 0 12360733
357 219914 0 1697681
359 3003 0 192
360 25856 0 10047
361 40312 0 14707
362 2224 0 1704
365 183 0 53
367 531 0 601
368 4975 0 5856
369 166895 0 290937
370 3153 0 4086
371 21093 0 30030
372 273 0 239
373 68373 0 109029
374 938 0 789
375 292 0 269
376 867 0 900
377 109 0 13
378 87 0 59
379 268 0 289
380 378857 0 1088152
381 580 0 311
382 478 0 891
383 150 0 57
384 430 0 537
385 698 0 1006
386 387 0 390
387 19240 0 24859
388 47354 0 75470
389 2767 0 3848
390 276 0 146
391 3282 0 3835
392 1051322 0 2498646
393 298 0 127
394 61132 0 122137
395 646789 0 1363411
396 268 0 179
397 6874 0 5942
398 2029 0 3168
399 20884 0 28849
400 5642 0 8201
401 541 0 439
402 205 0 27
403 8502 0 11601
404 1786 0 2386
407 1063 0 783
408 845323 0 1085122
409 42687 0 61698
410 28457 0 24629
411 1990186 0 2498645
412 2684 0 1973
413 1245738 0 1363410
414 1006 0 693
415 43383 0 28848
416 751294 0 1111408
417 3319 0 2938
418 764 0 644
421 514235 0 877571
423 5578 0 26817
424 106198 0 78689
425 6082 0 38715
426 6186 0 24598
427 84495 0 343827
428 632140 0 2980690
429 122 0 1
430 1993 0 6997
432 34352 0 148521
433 129 0 121
434 2732 0 10807
435 10144 0 40612
436 3442 0 13698
437 3552 0 14188
438 3805 0 15692
439 319846 0 1357292
440 10366 0 40274
441 2812 0 9132
442 143 0 33
443 1029065 0 9181545
444 231 0 224
445 39080 0 148635
448 54487 0 190623
449 227287 0 595733
453 89766 0 471980
454 68151 0 187488
455 439 0 623
456 2340 0 6603
457 18132 0 54309
458 957875 0 2312241
459 187340 0 907443
460 27702 0 58404
461 79933 0 323338
462 67470 0 114246
463 155712 0 332244
464 2073514 0 10728036
465 4302 0 250
466 1460 0 3172
467 15950 0 40641
468 23190 0 75658
469 6260 0 25297
470 153146 0 372911
471 5721 0 19764
472 2299905 0 37325506
473 113772 0 412629
474 248 0 4
475 349188 0 1389450
476 1195 0 3849
477 240795 0 720660
478 1864 0 7072
479 57412 0 196991
480 338168 0 1407164
482 4239 0 15674
483 567796 0 2482606
484 154 0 34
485 6339 0 14950
486 640952 0 3223122
487 314213 0 1002697
488 1027305 0 2806245
489 16971 0 46544
490 68637 0 298949
491 2636714 0 20625442
492 9700 0 21673
493 4248 0 15654
495 2726 0 5007
496 2764 0 10669
497 263 0 503
498 307 0 0
499 442 0 1217
500 58702 0 217394
501 2823 0 9804
502 2217223 0 38410384
503 48202 0 120157
504 21706 0 67395
505 352 0 1
506 973 0 4606
507 30042 0 13685
508 91858 0 304233
509 612 0 44
510 183817 0 7431
511 190 0 0
512 27743 0 18895
513 185256 0 619721
514 1483612 0 10939242
515 5136641 0 31279152
516 38070 0 99335
517 62089 0 299672
518 10073 0 28466
519 35375 0 168371
520 3100905 0 47822521
521 157202 0 535787
522 1691029 0 11773978
523 113083 0 412629
524 20199 0 38542
525 131 0 9
526 3780 0 12049
527 181 0 46
528 4249 0 6312
529 186 0 24
531 1280 0 3331
532 784103 0 2043472
533 376 0 440
534 149 0 419
535 110477 0 547067
536 26928 0 58191
537 2176979 0 8765836
538 180234 0 679117
539 4892 0 18635
540 5896918 0 90321703
541 199965 0 856148
542 1792 0 6630
543 280 0 353
544 447 0 1980
545 4102355 0 55722209
546 12313 0 35915
547 114775 0 439163
548 5564 0 16711
549 15628 0 47444
550 60984 0 402620
551 565523 0 1978576
552 749586 0 2500603
553 56950 0 268452
554 117841 0 406072
555 8212 0 40268
556 583282 0 2651800
557 4772151 0 75238748
558 103160 0 363518
559 224 0 126
560 12857 0 27850
561 260718 0 1242624
562 161923 0 550791
563 25293 0 70830
564 1533 0 7318
565 452246 0 2197996
566 44600 0 82820
567 221 0 223
568 30489 0 62734
569 1470517 0 9182055
570 1406869 0 10915035
571 586 0 490
572 4635 0 10331
573 2187004 0 10609468
574 33473 0 75043
575 4501132 0 58080849
577 2342 0 4349
578 8737 0 15293
579 77980 0 109733
580 113987 0 586513
581 982567 0 2334221
582 1047045 0 4094002
583 18524 0 50518
584 3092687 0 17155132
585 1215378 0 5920180
586 201315 0 630275
587 13349 0 26160
588 212331 0 795778
589 756571 0 2261878
590 56913 0 199106
591 99155 0 527700
592 50471 0 125051
593 16927 0 45892
594 172 0 104
595 5109 0 13303
596 4889 0 15015
597 365286 0 802694
598 61737 0 90422
599 435 0 1605
602 3363197 0 10725156
603 35698 0 95401
604 40420 0 17215
605 1212470 0 5916824
607 915 0 3206
608 1005463 0 9181644
609 914878 0 2980689
610 15760 0 82052
611 1147 0 4531
612 48109 0 245925
613 42730 0 188351
614 133 0 0
616 1375 0 7272
617 124891 0 581652
618 3524 0 18192
619 8820 0 50091
620 874 0 4889
624 135870 0 577627
625 13592 0 27850
626 1485799 0 9182055
627 3265 0 14027
628 100 0 78
629 86 0 29
631 417 0 228
632 134 0 16
634 417 0 61
637 146 0 8
638 1043 0 4731
639 323 0 140
640 51237 0 22336
641 2444 0 781
642 42851 0 17700
643 98287 0 22335
644 79879 0 17699
649 12440 0 47609
651 19642 0 211
652 658126 0 642941
656 105344 0 22291
657 88129 0 17474
658 105069 0 22291
659 86398 0 17474
