1 181 0 6
2 231 0 20
3 354 0 11
4 465 0 16
5 361 0 18
6 375 0 17
7 385 0 63
8 173 0 7
9 168 0 6
10 279 0 42
11 1183701 0 37280216
12 140 0 6
13 140 0 6
14 168 0 6
15 158 0 6
16 161 0 6
17 161 0 6
18 167 0 6
19 161 0 6
20 161 0 6
21 230 0 7
22 141 0 7
23 139 0 5
24 424 0 36
25 164 0 7
26 204 0 8
27 115 0 4
28 112 0 5
29 136 0 5
30 39 0 1
31 141 0 6
32 109 0 3
33 138 0 5
34 139 0 9
35 139 0 6
36 138 0 6
37 161 0 6
38 1528 0 237
39 159 0 5
40 126 0 6
41 157 0 7
42 217 0 5
43 152 0 7
44 170 0 7
45 160 0 7
46 152 0 7
47 214 0 7
48 175 0 7
49 122 0 4
50 122 0 4
51 174 0 4
52 173 0 4
53 173 0 4
54 184 0 4
55 171 0 4
56 173 0 4
57 199 0 4
58 349 0 20
59 344 0 16
60 291 0 20
61 325 0 19
62 219090 0 302258
63 0 0 0
64 507 0 113
65 194 0 6
66 187 0 6
67 199008 0 172543
68 134 0 4
69 120 0 4
70 118 0 4
71 69 0 2
72 50939 0 22336
73 271 0 30
74 226 0 7
75 229 0 6
76 229 0 6
77 222 0 6
78 219 0 6
79 198 0 5
80 226 0 5
81 0 0 0
82 270 0 18
83 141 0 5
84 245 0 22
85 167 0 7
86 162 0 7
87 138 0 5
88 150 0 5
89 158 0 7
90 152 0 6
91 42 0 1
92 164 0 6
93 410 0 30
94 459 0 30
95 417 0 20
96 161 0 5
97 0 0 0
98 0 0 0
99 156 0 4
100 499 0 46
101 422 0 18
102 41472 0 17700
103 150 0 5
104 0 0 0
105 0 0 0
106 279 0 18
107 154 0 5
108 374 0 71
109 136 0 5
110 87 0 3
111 162 0 6
112 184 0 5
113 145 0 5
115 22382 0 23050
120 805501 0 3807963
124 5897312 0 76388701
125 14455 0 27850
126 1815187 0 9183151
127 94515 0 527701
128 279 0 276
130 20856 0 48992
132 6337089 0 60480400
133 5613691 0 10946931
136 336553 0 1246249
137 289454 0 1008687
138 28385 0 79853
139 11057 0 24856
140 351848 0 781652
141 34587 0 102347
145 2184 0 5554
146 14600 0 41592
147 2697 0 2095
148 17159 0 18793
149 6781 0 43405
150 8606 0 50972
154 198261 0 426409
156 1765378 0 11927180
157 220972 0 136607
158 600 0 459
159 312 0 239
160 7888 0 10666
161 171380 0 471026
162 111811 0 284700
163 4187 0 12107
164 148 0 20
165 147 0 9
166 1089 0 1507
167 108 0 3
168 390563 0 986775
169 1247299 0 2517306
170 87359 0 195192
171 11885 0 23347
172 146 0 46
173 720 0 2064
174 1761 0 4200
175 126 0 6
176 166 0 19
177 92 0 1
178 1596 0 5477
179 10604 0 12922
180 138 0 7
181 9199 0 10713
182 249105 0 856400
183 740012 0 2657899
184 583703 0 2205875
185 1545023 0 9185192
186 2058364 0 10945037
187 236 0 25
189 122900 0 99648
190 730 0 518
191 61126 0 299799
192 3790 0 7128
193 1485320 0 9185136
194 48619 0 61755
195 1587533 0 9182983
196 84289 0 197783
198 3505 0 13656
199 1969 0 9107
200 1444016 0 6213934
203 1143714 0 6207926
204 232 0 754
205 1473882 0 9354941
206 391579 0 519474
207 6115381 0 90668763
209 9513 0 14545
210 770 0 1153
213 6657620 0 7144
214 692763 0 979618
216 259 0 149
217 387681 0 2524828
218 26330 0 100654
219 11013 0 44946
220 150333 0 666755
221 37917 0 175856
223 40972 0 120963
224 316824 0 1044293
225 129158 0 515234
226 74773 0 346494
227 40656 0 110668
228 325245 0 1246249
229 95689 0 330263
230 3322 0 10634
231 207332 0 707921
233 53486 0 137062
234 41186 0 210707
235 3482 0 10651
236 604 0 1583
237 674 0 2137
238 345 0 903
239 413 0 1174
240 8116 0 23043
241 16373 0 38974
242 22733 0 57427
243 52485 0 129623
244 1028 0 3079
245 719 0 2692
246 50940 0 163913
247 31763 0 63946
248 12400 0 31198
249 145694 0 470510
250 212167 0 698052
251 2530 0 6971
252 169 0 267
253 240653 0 781475
254 15970 0 40411
255 6075 0 16737
256 86915 0 255719
257 151511 0 509196
258 138 0 328
259 77478 0 223250
260 21081 0 57782
261 302 0 853
262 274 0 791
263 2016 0 5457
264 7337 0 17017
265 98798 0 261362
266 314278 0 986547
267 795 0 1983
268 87 0 42
269 765 0 1827
270 215 0 415
271 374 0 861
272 285 0 570
273 5001 0 14544
274 2563 0 5924
275 88192 0 349595
276 48055 0 105025
277 2443 0 6131
278 4038 0 10685
279 931 0 3665
280 428 0 1514
281 3643 0 8841
282 5654 0 17465
283 1555 0 4895
284 180 0 134
285 4253 0 9210
286 8222 0 21463
287 631 0 2356
288 10388 0 23956
289 838 0 3353
291 40998 0 57426
292 3496 0 6660
293 4800 0 7348
294 1784 0 3078
295 22558 0 31197
296 250818 0 470509
297 763 0 1783
298 6090 0 12106
299 4722 0 8277
300 61760 0 89382
301 8013 0 12385
302 43717 0 122621
303 664 0 1591
304 96118 0 256853
305 18881 0 23955
306 38412 0 49734
309 25325 0 42300
310 62454 0 89382
311 368552 0 781474
312 37066 0 57781
313 98530 0 260595
314 110066 0 291589
315 92661 0 246825
316 557 0 2680
318 30455 0 8135
323 120 0 128
324 324 0 959
325 502092 0 1170095
326 170 0 107
327 327 0 316
328 483 0 1051
329 252 0 383
330 151 0 116
331 541 0 997
332 178 0 206
333 144 0 96
334 134002 0 329816
335 489 0 1142
336 299 0 409
337 252 0 268
338 1480196 0 2004929
339 346602 0 843968
340 205 0 235
342 34800 0 26206
343 11372 0 13517
344 2605 0 3182
345 42563 0 28872
346 536565 0 843967
348 114 0 75
350 222589 0 996950
351 227588 0 966899
353 333540 0 903514
354 332578 0 966899
355 50961 0 386634
356 679094 0 12360733
357 224650 0 1697681
359 2591 0 192
360 25402 0 10047
361 40142 0 14707
362 2047 0 1704
365 87 0 53
367 448 0 601
368 4891 0 5856
369 163734 0 290937
370 2992 0 4086
371 20952 0 30030
372 247 0 239
373 65792 0 109029
374 807 0 789
375 267 0 269
376 701 0 900
377 104 0 13
378 77 0 59
379 263 0 289
380 369180 0 1088152
381 401 0 311
382 505 0 891
383 134 0 57
384 406 0 537
385 673 0 1006
386 366 0 390
387 19015 0 24859
388 47349 0 75470
389 2674 0 3848
390 233 0 146
391 2978 0 3835
392 1038226 0 2498646
393 213 0 127
394 60625 0 122137
395 638195 0 1363411
396 200 0 179
397 3565 0 5942
398 1982 0 3168
399 20658 0 28849
400 5587 0 8201
401 462 0 439
402 189 0 27
403 8302 0 11601
404 1653 0 2386
407 1036 0 783
408 805381 0 1085122
409 40335 0 61698
410 28016 0 24629
411 2073131 0 2498645
412 2971 0 1973
413 1198330 0 1363410
414 917 0 693
415 40437 0 28848
416 752722 0 1111408
417 3103 0 2938
418 635 0 644
421 507068 0 877571
423 5140 0 26817
424 108121 0 78689
425 6390 0 38715
426 5860 0 24598
427 77762 0 343827
428 614211 0 2980690
429 49 0 1
430 3781 0 6997
432 30383 0 148521
433 83 0 121
434 2663 0 10807
435 10088 0 40612
436 3414 0 13698
437 3564 0 14188
438 3807 0 15692
439 303639 0 1357292
440 9518 0 40274
441 2325 0 9132
442 72 0 33
443 1014904 0 9181545
444 167 0 224
445 35160 0 148635
448 50683 0 190623
449 227714 0 595733
453 89141 0 471980
454 68976 0 187488
455 333 0 623
456 2279 0 6603
457 18177 0 54309
458 908629 0 2312241
459 185979 0 907443
460 26491 0 58404
461 81417 0 323338
462 66717 0 114246
463 156715 0 332244
464 2059903 0 10728036
465 3602 0 250
466 1420 0 3172
467 15804 0 40641
468 22870 0 75658
469 6243 0 25297
470 149615 0 372911
471 4773 0 19764
472 2334934 0 37325506
473 109689 0 412629
474 173 0 4
475 335077 0 1389450
476 1135 0 3849
477 223932 0 720660
478 1881 0 7072
479 56908 0 196991
480 337621 0 1407164
482 3565 0 15674
483 518890 0 2482606
484 100 0 34
485 5925 0 14950
486 624050 0 3223122
487 313641 0 1002697
488 1031808 0 2806245
489 15933 0 46544
490 68629 0 298949
491 2635533 0 20625442
492 8395 0 21673
493 4109 0 15654
495 2750 0 5007
496 2642 0 10669
497 241 0 503
498 231 0 0
499 434 0 1217
500 56064 0 217394
501 2568 0 9804
502 2203434 0 38410384
503 47763 0 120157
504 21761 0 67395
505 300 0 1
506 1008 0 4606
507 28921 0 13685
508 91323 0 304233
509 508 0 44
510 180667 0 7431
511 78 0 0
512 27354 0 18895
513 182435 0 619721
514 1477506 0 10939242
515 5097899 0 31279152
516 37677 0 99335
517 61323 0 299672
518 9966 0 28466
519 34428 0 168371
520 3016896 0 47822521
521 156064 0 535787
522 1680709 0 11773978
523 114027 0 412629
524 20063 0 38542
525 124 0 9
526 3810 0 12049
527 128 0 46
528 4150 0 6312
529 174 0 24
531 1163 0 3331
532 705217 0 2043472
533 302 0 440
534 139 0 419
535 112822 0 547067
536 25930 0 58191
537 2203107 0 8765836
538 172560 0 679117
539 4626 0 18635
540 5932431 0 90321703
541 197543 0 856148
542 1717 0 6630
543 212 0 353
544 518 0 1980
545 4071045 0 55722209
546 10620 0 35915
547 112216 0 439163
548 5907 0 16711
549 15364 0 47444
550 62070 0 402620
551 564687 0 1978576
552 739252 0 2500603
553 56725 0 268452
554 116890 0 406072
555 7557 0 40268
556 574515 0 2651800
557 4774163 0 75238748
558 104097 0 363518
559 153 0 126
560 12796 0 27850
561 250907 0 1242624
562 159206 0 550791
563 24538 0 70830
564 1507 0 7318
565 443629 0 2197996
566 42901 0 82820
567 183 0 223
568 30397 0 62734
569 1529166 0 9182055
570 1424761 0 10915035
571 404 0 490
572 4338 0 10331
573 2224556 0 10609468
574 33287 0 75043
575 4533238 0 58080849
577 2094 0 4349
578 8723 0 15293
579 78056 0 109733
580 120121 0 586513
581 937332 0 2334221
582 972683 0 4094002
583 17463 0 50518
584 3106537 0 17155132
585 1218244 0 5920180
586 194038 0 630275
587 12561 0 26160
588 204214 0 795778
589 759161 0 2261878
590 56475 0 199106
591 103509 0 527700
592 49663 0 125051
593 16896 0 45892
594 209 0 104
595 5001 0 13303
596 4752 0 15015
597 362590 0 802694
598 61928 0 90422
599 406 0 1605
602 3382076 0 10725156
603 34380 0 95401
604 40221 0 17215
605 1219524 0 5916824
607 858 0 3206
608 1025096 0 9181644
609 886378 0 2980689
610 14986 0 82052
611 1100 0 4531
612 45600 0 245925
613 42230 0 188351
614 76 0 0
616 1327 0 7272
617 116636 0 581652
618 3406 0 18192
619 8758 0 50091
620 841 0 4889
624 128715 0 577627
625 12832 0 27850
626 1484075 0 9182055
627 3214 0 14027
628 88 0 78
629 77 0 29
631 269 0 228
632 94 0 16
634 406 0 61
637 83 0 8
638 956 0 4731
639 192 0 140
640 51104 0 22336
641 2202 0 781
642 42137 0 17700
643 98116 0 22335
644 79568 0 17699
649 11381 0 47609
651 19024 0 211
652 708289 0 642941
656 104346 0 22291
657 86190 0 17474
658 104980 0 22291
659 87077 0 17474
