1 162 0 6
2 256 0 20
3 332 0 11
4 364 0 16
5 405 0 18
6 368 0 17
7 394 0 63
8 207 0 7
9 169 0 6
10 322 0 42
11 1184347 0 37280216
12 140 0 6
13 139 0 6
14 162 0 6
15 168 0 6
16 162 0 6
17 161 0 6
18 162 0 6
19 163 0 6
20 161 0 6
21 254 0 7
22 138 0 7
23 136 0 5
24 446 0 36
25 166 0 7
26 164 0 8
27 113 0 4
28 114 0 5
29 138 0 5
30 38 0 1
31 137 0 6
32 90 0 3
33 138 0 5
34 139 0 9
35 136 0 6
36 136 0 6
37 160 0 6
38 1284 0 237
39 125 0 5
40 132 0 6
41 151 0 7
42 152 0 5
43 217 0 7
44 156 0 7
45 159 0 7
46 187 0 7
47 156 0 7
48 248 0 7
49 123 0 4
50 125 0 4
51 167 0 4
52 167 0 4
53 243 0 4
54 172 0 4
55 170 0 4
56 174 0 4
57 171 0 4
58 344 0 20
59 258 0 16
60 267 0 20
61 312 0 19
62 213259 0 302258
63 0 0 0
64 503 0 113
65 187 0 6
66 195 0 6
67 197095 0 172543
68 120 0 4
69 118 0 4
70 120 0 4
71 64 0 2
72 51218 0 22336
73 272 0 30
74 224 0 7
75 226 0 6
76 227 0 6
77 221 0 6
78 256 0 6
79 192 0 5
80 191 0 5
81 0 0 0
82 320 0 18
83 140 0 5
84 233 0 22
85 164 0 7
86 167 0 7
87 137 0 5
88 142 0 5
89 156 0 7
90 213 0 6
91 38 0 1
92 165 0 6
93 351 0 30
94 471 0 30
95 371 0 20
96 159 0 5
97 0 0 0
98 0 0 0
99 208 0 4
100 504 0 46
101 418 0 18
102 41488 0 17700
103 145 0 5
104 0 0 0
105 0 0 0
106 282 0 18
107 112 0 5
108 377 0 71
109 132 0 5
110 88 0 3
111 159 0 6
112 165 0 5
113 147 0 5
115 22258 0 23050
120 807831 0 3807963
124 5819433 0 76388701
125 12926 0 27850
126 1560404 0 9183151
127 97571 0 527701
128 274 0 276
130 20581 0 48992
132 6501052 0 60480400
133 5457537 0 10946931
136 324059 0 1246249
137 289733 0 1008687
138 26808 0 79853
139 10836 0 24856
140 342899 0 781652
141 34175 0 102347
145 2149 0 5554
146 14387 0 41592
147 2736 0 2095
148 17101 0 18793
149 6600 0 43405
150 8322 0 50972
154 180163 0 426409
156 1703505 0 11927180
157 222645 0 136607
158 598 0 459
159 360 0 239
160 8099 0 10666
161 171729 0 471026
162 111905 0 284700
163 4332 0 12107
164 166 0 20
165 141 0 9
166 1090 0 1507
167 150 0 3
168 385987 0 986775
169 1297425 0 2517306
170 87022 0 195192
171 11585 0 23347
172 138 0 46
173 724 0 2064
174 1779 0 4200
175 100 0 6
176 139 0 19
177 58 0 1
178 1617 0 5477
179 10349 0 12922
180 136 0 7
181 9321 0 10713
182 253119 0 856400
183 756990 0 2657899
184 579065 0 2205875
185 1588018 0 9185192
186 1810065 0 10945037
187 241 0 25
189 119593 0 99648
190 893 0 518
191 60618 0 299799
192 3776 0 7128
193 1514180 0 9185136
194 48252 0 61755
195 1500546 0 9182983
196 85525 0 197783
198 3519 0 13656
199 2004 0 9107
200 1472425 0 6213934
203 1143649 0 6207926
204 220 0 754
205 1484362 0 9354941
206 388583 0 519474
207 5491109 0 90668763
209 9429 0 14545
210 757 0 1153
213 6096539 0 7144
214 649695 0 979618
216 305 0 149
217 4157140 0 2524828
218 26719 0 100654
219 11311 0 44946
220 148964 0 666755
221 37712 0 175856
223 41015 0 120963
224 282682 0 1044293
225 129273 0 515234
226 75819 0 346494
227 40529 0 110668
228 330110 0 1246249
229 94570 0 330263
230 3321 0 10634
231 206349 0 707921
233 53673 0 137062
234 41740 0 210707
235 3409 0 10651
236 591 0 1583
237 642 0 2137
238 345 0 903
239 423 0 1174
240 8056 0 23043
241 16423 0 38974
242 22598 0 57427
243 52164 0 129623
244 1008 0 3079
245 715 0 2692
246 51039 0 163913
247 32113 0 63946
248 12358 0 31198
249 145653 0 470510
250 211976 0 698052
251 2545 0 6971
252 149 0 267
253 244754 0 781475
254 15691 0 40411
255 6149 0 16737
256 86638 0 255719
257 152619 0 509196
258 130 0 328
259 75344 0 223250
260 20642 0 57782
261 295 0 853
262 268 0 791
263 2018 0 5457
264 7362 0 17017
265 99941 0 261362
266 311020 0 986547
267 794 0 1983
268 83 0 42
269 740 0 1827
270 200 0 415
271 397 0 861
272 285 0 570
273 5022 0 14544
274 2695 0 5924
275 88717 0 349595
276 48369 0 105025
277 2329 0 6131
278 4131 0 10685
279 934 0 3665
280 430 0 1514
281 3553 0 8841
282 5699 0 17465
283 1602 0 4895
284 150 0 134
285 4133 0 9210
286 8223 0 21463
287 631 0 2356
288 10362 0 23956
289 855 0 3353
291 40862 0 57426
292 3544 0 6660
293 4818 0 7348
294 1832 0 3078
295 22231 0 31197
296 210141 0 470509
297 758 0 1783
298 5910 0 12106
299 4660 0 8277
300 61615 0 89382
301 7796 0 12385
302 44228 0 122621
303 661 0 1591
304 91880 0 256853
305 18631 0 23955
306 38455 0 49734
309 24999 0 42300
310 61873 0 89382
311 355735 0 781474
312 36753 0 57781
313 100257 0 260595
314 108593 0 291589
315 94818 0 246825
316 555 0 2680
318 30584 0 8135
323 109 0 128
324 308 0 959
325 514293 0 1170095
326 160 0 107
327 342 0 316
328 455 0 1051
329 220 0 383
330 151 0 116
331 539 0 997
332 177 0 206
333 145 0 96
334 134378 0 329816
335 496 0 1142
336 293 0 409
337 246 0 268
338 1529656 0 2004929
339 347078 0 843968
340 209 0 235
342 34909 0 26206
343 11391 0 13517
344 2506 0 3182
345 42552 0 28872
346 534013 0 843967
348 104 0 75
350 223582 0 996950
351 227150 0 966899
353 371494 0 903514
354 328338 0 966899
355 54381 0 386634
356 653783 0 12360733
357 222698 0 1697681
359 2685 0 192
360 25427 0 10047
361 39810 0 14707
362 2051 0 1704
365 112 0 53
367 405 0 601
368 4981 0 5856
369 164408 0 290937
370 3001 0 4086
371 21070 0 30030
372 230 0 239
373 65950 0 109029
374 887 0 789
375 268 0 269
376 704 0 900
377 90 0 13
378 72 0 59
379 241 0 289
380 368192 0 1088152
381 340 0 311
382 488 0 891
383 134 0 57
384 396 0 537
385 678 0 1006
386 366 0 390
387 18791 0 24859
388 47113 0 75470
389 2674 0 3848
390 232 0 146
391 3171 0 3835
392 1042650 0 2498646
393 220 0 127
394 60758 0 122137
395 681383 0 1363411
396 197 0 179
397 3518 0 5942
398 1981 0 3168
399 21077 0 28849
400 5543 0 8201
401 492 0 439
402 189 0 27
403 8190 0 11601
404 1702 0 2386
407 1017 0 783
408 815219 0 1085122
409 41703 0 61698
410 28041 0 24629
411 2026205 0 2498645
412 2414 0 1973
413 1192182 0 1363410
414 1079 0 693
415 38255 0 28848
416 737644 0 1111408
417 2974 0 2938
418 652 0 644
421 511253 0 877571
423 5149 0 26817
424 109445 0 78689
425 5349 0 38715
426 5837 0 24598
427 76500 0 343827
428 620003 0 2980690
429 48 0 1
430 1744 0 6997
432 30484 0 148521
433 80 0 121
434 2651 0 10807
435 10102 0 40612
436 3427 0 13698
437 3550 0 14188
438 3813 0 15692
439 303720 0 1357292
440 9664 0 40274
441 2346 0 9132
442 98 0 33
443 1000626 0 9181545
444 169 0 224
445 35118 0 148635
448 50427 0 190623
449 227423 0 595733
453 89805 0 471980
454 68148 0 187488
455 331 0 623
456 2228 0 6603
457 17778 0 54309
458 941801 0 2312241
459 187938 0 907443
460 26307 0 58404
461 82282 0 323338
462 66750 0 114246
463 154939 0 332244
464 2058862 0 10728036
465 3141 0 250
466 1423 0 3172
467 15707 0 40641
468 22778 0 75658
469 6244 0 25297
470 152158 0 372911
471 4559 0 19764
472 2327948 0 37325506
473 109913 0 412629
474 176 0 4
475 340750 0 1389450
476 1132 0 3849
477 223505 0 720660
478 2009 0 7072
479 56748 0 196991
480 377268 0 1407164
482 3644 0 15674
483 525903 0 2482606
484 97 0 34
485 5971 0 14950
486 658919 0 3223122
487 316240 0 1002697
488 951995 0 2806245
489 15905 0 46544
490 69580 0 298949
491 2618567 0 20625442
492 8201 0 21673
493 4161 0 15654
495 2703 0 5007
496 2872 0 10669
497 219 0 503
498 232 0 0
499 455 0 1217
500 56788 0 217394
501 2572 0 9804
502 2215128 0 38410384
503 47988 0 120157
504 21849 0 67395
505 299 0 1
506 966 0 4606
507 28852 0 13685
508 92759 0 304233
509 507 0 44
510 182120 0 7431
511 67 0 0
512 27693 0 18895
513 185104 0 619721
514 1470020 0 10939242
515 5008082 0 31279152
516 37312 0 99335
517 61657 0 299672
518 9763 0 28466
519 34537 0 168371
520 3021845 0 47822521
521 156004 0 535787
522 1670065 0 11773978
523 114171 0 412629
524 19609 0 38542
525 119 0 9
526 3807 0 12049
527 118 0 46
528 4152 0 6312
529 171 0 24
531 1172 0 3331
532 724589 0 2043472
533 310 0 440
534 137 0 419
535 114413 0 547067
536 26745 0 58191
537 2195250 0 8765836
538 171194 0 679117
539 4636 0 18635
540 5962192 0 90321703
541 198013 0 856148
542 1631 0 6630
543 194 0 353
544 442 0 1980
545 4011653 0 55722209
546 10384 0 35915
547 112503 0 439163
548 5440 0 16711
549 15273 0 47444
550 62531 0 402620
551 557037 0 1978576
552 750334 0 2500603
553 56202 0 268452
554 122571 0 406072
555 7489 0 40268
556 557081 0 2651800
557 4771679 0 75238748
558 104248 0 363518
559 147 0 126
560 12734 0 27850
561 250399 0 1242624
562 167650 0 550791
563 24704 0 70830
564 1504 0 7318
565 427538 0 2197996
566 42999 0 82820
567 168 0 223
568 30356 0 62734
569 1490678 0 9182055
570 1342745 0 10915035
571 444 0 490
572 4246 0 10331
573 2249180 0 10609468
574 33370 0 75043
575 4383859 0 58080849
577 1892 0 4349
578 8621 0 15293
579 77296 0 109733
580 114880 0 586513
581 929449 0 2334221
582 963976 0 4094002
583 17223 0 50518
584 3131061 0 17155132
585 1227410 0 5920180
586 195032 0 630275
587 12317 0 26160
588 205932 0 795778
589 759730 0 2261878
590 56637 0 199106
591 102586 0 527700
592 49795 0 125051
593 17081 0 45892
594 132 0 104
595 5084 0 13303
596 4790 0 15015
597 367416 0 802694
598 62219 0 90422
599 412 0 1605
602 3321970 0 10725156
603 34294 0 95401
604 40104 0 17215
605 1201541 0 5916824
607 790 0 3206
608 989874 0 9181644
609 899401 0 2980689
610 14715 0 82052
611 972 0 4531
612 45713 0 245925
613 43098 0 188351
614 75 0 0
616 1324 0 7272
617 114456 0 581652
618 3142 0 18192
619 8678 0 50091
620 836 0 4889
624 142540 0 577627
625 12478 0 27850
626 1499655 0 9182055
627 2969 0 14027
628 107 0 78
629 79 0 29
631 257 0 228
632 94 0 16
634 403 0 61
637 83 0 8
638 983 0 4731
639 250 0 140
640 51313 0 22336
641 2306 0 781
642 42027 0 17700
643 98896 0 22335
644 79884 0 17699
649 11233 0 47609
651 19099 0 211
652 678474 0 642941
656 105854 0 22291
657 85752 0 17474
658 105673 0 22291
659 85867 0 17474
