1 164 0 6
2 238 0 20
3 354 0 11
4 592 0 16
5 378 0 18
6 560 0 17
7 390 0 63
8 185 0 7
9 174 0 6
10 283 0 42
11 1171923 0 37280216
12 139 0 6
13 138 0 6
14 159 0 6
15 161 0 6
16 160 0 6
17 163 0 6
18 160 0 6
19 166 0 6
20 162 0 6
21 230 0 7
22 140 0 7
23 145 0 5
24 424 0 36
25 170 0 7
26 161 0 8
27 112 0 4
28 114 0 5
29 136 0 5
30 39 0 1
31 138 0 6
32 103 0 3
33 138 0 5
34 145 0 9
35 137 0 6
36 142 0 6
37 161 0 6
38 1380 0 237
39 125 0 5
40 136 0 6
41 173 0 7
42 223 0 5
43 153 0 7
44 152 0 7
45 182 0 7
46 146 0 7
47 207 0 7
48 178 0 7
49 162 0 4
50 174 0 4
51 186 0 4
52 170 0 4
53 171 0 4
54 180 0 4
55 169 0 4
56 171 0 4
57 168 0 4
58 350 0 20
59 304 0 16
60 261 0 20
61 322 0 19
62 213179 0 302258
63 0 0 0
64 498 0 113
65 190 0 6
66 188 0 6
67 196741 0 172543
68 119 0 4
69 118 0 4
70 121 0 4
71 68 0 2
72 51569 0 22336
73 325 0 30
74 224 0 7
75 227 0 6
76 228 0 6
77 226 0 6
78 217 0 6
79 193 0 5
80 188 0 5
81 0 0 0
82 274 0 18
83 137 0 5
84 230 0 22
85 161 0 7
86 161 0 7
87 137 0 5
88 136 0 5
89 199 0 7
90 133 0 6
91 40 0 1
92 162 0 6
93 411 0 30
94 592 0 30
95 373 0 20
96 157 0 5
97 0 0 0
98 0 0 0
99 158 0 4
100 473 0 46
101 441 0 18
102 41428 0 17700
103 137 0 5
104 0 0 0
105 0 0 0
106 283 0 18
107 111 0 5
108 373 0 71
109 145 0 5
110 88 0 3
111 160 0 6
112 134 0 5
113 148 0 5
115 22116 0 23050
120 813640 0 3807963
124 5883630 0 76388701
125 15116 0 27850
126 1803917 0 9183151
127 106417 0 527701
128 268 0 276
130 20562 0 48992
132 6409610 0 60480400
133 5592798 0 10946931
136 332627 0 1246249
137 296690 0 1008687
138 27890 0 79853
139 11344 0 24856
140 341157 0 781652
141 34411 0 102347
145 2120 0 5554
146 14690 0 41592
147 2725 0 2095
148 17230 0 18793
149 6741 0 43405
150 8307 0 50972
154 179761 0 426409
156 1733852 0 11927180
157 219085 0 136607
158 603 0 459
159 326 0 239
160 7841 0 10666
161 170541 0 471026
162 111642 0 284700
163 4239 0 12107
164 171 0 20
165 153 0 9
166 1088 0 1507
167 106 0 3
168 387730 0 986775
169 1263304 0 2517306
170 89909 0 195192
171 11614 0 23347
172 150 0 46
173 785 0 2064
174 1841 0 4200
175 99 0 6
176 147 0 19
177 57 0 1
178 1662 0 5477
179 10337 0 12922
180 138 0 7
181 9289 0 10713
182 244837 0 856400
183 743919 0 2657899
184 583299 0 2205875
185 1567441 0 9185192
186 1971622 0 10945037
187 239 0 25
189 120945 0 99648
190 833 0 518
191 60635 0 299799
192 3798 0 7128
193 1489942 0 9185136
194 48513 0 61755
195 1593268 0 9182983
196 84351 0 197783
198 3458 0 13656
199 1971 0 9107
200 1445810 0 6213934
203 1149666 0 6207926
204 251 0 754
205 1490160 0 9354941
206 385903 0 519474
207 5955273 0 90668763
209 9759 0 14545
210 775 0 1153
213 6519846 0 7144
214 656717 0 979618
216 272 0 149
217 389413 0 2524828
218 26324 0 100654
219 11100 0 44946
220 161018 0 666755
221 38103 0 175856
223 41089 0 120963
224 282546 0 1044293
225 128261 0 515234
226 74748 0 346494
227 40605 0 110668
228 323418 0 1246249
229 94659 0 330263
230 3316 0 10634
231 211550 0 707921
233 53896 0 137062
234 40722 0 210707
235 3439 0 10651
236 597 0 1583
237 743 0 2137
238 346 0 903
239 489 0 1174
240 8072 0 23043
241 16396 0 38974
242 22647 0 57427
243 52320 0 129623
244 1006 0 3079
245 719 0 2692
246 50779 0 163913
247 32058 0 63946
248 12621 0 31198
249 145383 0 470510
250 210374 0 698052
251 2535 0 6971
252 170 0 267
253 241048 0 781475
254 16014 0 40411
255 6161 0 16737
256 88216 0 255719
257 150816 0 509196
258 133 0 328
259 74455 0 223250
260 21204 0 57782
261 301 0 853
262 282 0 791
263 2037 0 5457
264 7066 0 17017
265 99514 0 261362
266 326620 0 986547
267 793 0 1983
268 84 0 42
269 703 0 1827
270 198 0 415
271 361 0 861
272 284 0 570
273 4960 0 14544
274 2679 0 5924
275 88293 0 349595
276 48015 0 105025
277 2432 0 6131
278 4092 0 10685
279 965 0 3665
280 432 0 1514
281 3605 0 8841
282 5864 0 17465
283 1553 0 4895
284 117 0 134
285 4220 0 9210
286 8271 0 21463
287 632 0 2356
288 10479 0 23956
289 846 0 3353
291 40776 0 57426
292 3519 0 6660
293 4760 0 7348
294 1818 0 3078
295 22416 0 31197
296 206266 0 470509
297 763 0 1783
298 6015 0 12106
299 4830 0 8277
300 62439 0 89382
301 7847 0 12385
302 43854 0 122621
303 705 0 1591
304 93061 0 256853
305 18830 0 23955
306 38506 0 49734
309 25208 0 42300
310 61880 0 89382
311 355484 0 781474
312 36721 0 57781
313 98585 0 260595
314 109426 0 291589
315 93799 0 246825
316 561 0 2680
318 29912 0 8135
323 112 0 128
324 322 0 959
325 530465 0 1170095
326 164 0 107
327 332 0 316
328 457 0 1051
329 256 0 383
330 146 0 116
331 546 0 997
332 180 0 206
333 141 0 96
334 134114 0 329816
335 487 0 1142
336 292 0 409
337 244 0 268
338 1512199 0 2004929
339 348852 0 843968
340 207 0 235
342 34866 0 26206
343 11381 0 13517
344 2597 0 3182
345 42346 0 28872
346 569869 0 843967
348 107 0 75
350 223584 0 996950
351 226611 0 966899
353 321427 0 903514
354 330680 0 966899
355 51774 0 386634
356 646895 0 12360733
357 221859 0 1697681
359 2607 0 192
360 25511 0 10047
361 40021 0 14707
362 2077 0 1704
365 91 0 53
367 396 0 601
368 4898 0 5856
369 164855 0 290937
370 2980 0 4086
371 21229 0 30030
372 229 0 239
373 66104 0 109029
374 897 0 789
375 298 0 269
376 742 0 900
377 88 0 13
378 73 0 59
379 243 0 289
380 370534 0 1088152
381 447 0 311
382 486 0 891
383 131 0 57
384 416 0 537
385 669 0 1006
386 365 0 390
387 18714 0 24859
388 47262 0 75470
389 2584 0 3848
390 232 0 146
391 3007 0 3835
392 1030025 0 2498646
393 216 0 127
394 60642 0 122137
395 714913 0 1363411
396 200 0 179
397 3586 0 5942
398 1979 0 3168
399 20659 0 28849
400 5569 0 8201
401 347 0 439
402 185 0 27
403 8123 0 11601
404 1709 0 2386
407 1062 0 783
408 804031 0 1085122
409 40709 0 61698
410 28050 0 24629
411 2044575 0 2498645
412 2303 0 1973
413 1190758 0 1363410
414 1135 0 693
415 38461 0 28848
416 758453 0 1111408
417 2873 0 2938
418 676 0 644
421 513001 0 877571
423 4995 0 26817
424 107189 0 78689
425 6262 0 38715
426 5937 0 24598
427 77406 0 343827
428 602555 0 2980690
429 50 0 1
430 1836 0 6997
432 30581 0 148521
433 82 0 121
434 2648 0 10807
435 10094 0 40612
436 3446 0 13698
437 3556 0 14188
438 3805 0 15692
439 308049 0 1357292
440 9629 0 40274
441 2358 0 9132
442 68 0 33
443 978466 0 9181545
444 166 0 224
445 34763 0 148635
448 50694 0 190623
449 225518 0 595733
453 90747 0 471980
454 68602 0 187488
455 328 0 623
456 2222 0 6603
457 18094 0 54309
458 940046 0 2312241
459 187218 0 907443
460 26260 0 58404
461 81847 0 323338
462 66664 0 114246
463 155847 0 332244
464 2032956 0 10728036
465 3220 0 250
466 1434 0 3172
467 15731 0 40641
468 22765 0 75658
469 6240 0 25297
470 152192 0 372911
471 4563 0 19764
472 2341654 0 37325506
473 109358 0 412629
474 183 0 4
475 376700 0 1389450
476 1132 0 3849
477 225147 0 720660
478 1870 0 7072
479 56958 0 196991
480 339035 0 1407164
482 3535 0 15674
483 528906 0 2482606
484 104 0 34
485 5983 0 14950
486 630996 0 3223122
487 321007 0 1002697
488 968874 0 2806245
489 15861 0 46544
490 69541 0 298949
491 2648405 0 20625442
492 8014 0 21673
493 4037 0 15654
495 2724 0 5007
496 2647 0 10669
497 217 0 503
498 274 0 0
499 448 0 1217
500 56144 0 217394
501 2538 0 9804
502 2174234 0 38410384
503 48237 0 120157
504 21697 0 67395
505 301 0 1
506 967 0 4606
507 28856 0 13685
508 90924 0 304233
509 502 0 44
510 185767 0 7431
511 67 0 0
512 27577 0 18895
513 184589 0 619721
514 1471672 0 10939242
515 5007437 0 31279152
516 37399 0 99335
517 60097 0 299672
518 9970 0 28466
519 35052 0 168371
520 2972254 0 47822521
521 153620 0 535787
522 1678893 0 11773978
523 113183 0 412629
524 19580 0 38542
525 116 0 9
526 3842 0 12049
527 137 0 46
528 4145 0 6312
529 170 0 24
531 1118 0 3331
532 703277 0 2043472
533 300 0 440
534 135 0 419
535 111273 0 547067
536 26339 0 58191
537 2189377 0 8765836
538 170943 0 679117
539 4644 0 18635
540 5899339 0 90321703
541 198737 0 856148
542 1722 0 6630
543 189 0 353
544 457 0 1980
545 4014663 0 55722209
546 10477 0 35915
547 112314 0 439163
548 6271 0 16711
549 15349 0 47444
550 61350 0 402620
551 559463 0 1978576
552 757032 0 2500603
553 56017 0 268452
554 115592 0 406072
555 7475 0 40268
556 602889 0 2651800
557 4785485 0 75238748
558 103975 0 363518
559 160 0 126
560 12590 0 27850
561 254972 0 1242624
562 159204 0 550791
563 24604 0 70830
564 1515 0 7318
565 446811 0 2197996
566 43492 0 82820
567 162 0 223
568 30318 0 62734
569 1503858 0 9182055
570 1405292 0 10915035
571 404 0 490
572 4365 0 10331
573 2247759 0 10609468
574 33526 0 75043
575 4529890 0 58080849
577 1993 0 4349
578 8973 0 15293
579 77617 0 109733
580 121582 0 586513
581 925531 0 2334221
582 1012212 0 4094002
583 17332 0 50518
584 3092971 0 17155132
585 1217590 0 5920180
586 196849 0 630275
587 12558 0 26160
588 236357 0 795778
589 766288 0 2261878
590 56572 0 199106
591 104370 0 527700
592 49977 0 125051
593 16997 0 45892
594 132 0 104
595 5023 0 13303
596 4914 0 15015
597 364936 0 802694
598 62002 0 90422
599 414 0 1605
602 3361554 0 10725156
603 34455 0 95401
604 40360 0 17215
605 1205993 0 5916824
607 857 0 3206
608 1000310 0 9181644
609 848618 0 2980689
610 15039 0 82052
611 1023 0 4531
612 46156 0 245925
613 41990 0 188351
614 74 0 0
616 1326 0 7272
617 116984 0 581652
618 3228 0 18192
619 8797 0 50091
620 859 0 4889
624 130870 0 577627
625 12541 0 27850
626 1495929 0 9182055
627 2876 0 14027
628 85 0 78
629 122 0 29
631 251 0 228
632 93 0 16
634 401 0 61
637 82 0 8
638 993 0 4731
639 221 0 140
640 51660 0 22336
641 2155 0 781
642 42426 0 17700
643 98120 0 22335
644 79703 0 17699
649 11228 0 47609
651 19009 0 211
652 678283 0 642941
656 105003 0 22291
657 85949 0 17474
658 105099 0 22291
659 85734 0 17474
