1 164 0 6
2 198 0 20
3 348 0 11
4 425 0 16
5 360 0 18
6 374 0 17
7 383 0 63
8 170 0 7
9 166 0 6
10 319 0 42
11 1164487 0 37280216
12 139 0 6
13 142 0 6
14 159 0 6
15 160 0 6
16 160 0 6
17 163 0 6
18 158 0 6
19 160 0 6
20 167 0 6
21 344 0 7
22 139 0 7
23 137 0 5
24 414 0 36
25 166 0 7
26 164 0 8
27 111 0 4
28 112 0 5
29 139 0 5
30 39 0 1
31 139 0 6
32 89 0 3
33 136 0 5
34 139 0 9
35 138 0 6
36 136 0 6
37 158 0 6
38 1272 0 237
39 125 0 5
40 132 0 6
41 154 0 7
42 152 0 5
43 162 0 7
44 157 0 7
45 213 0 7
46 149 0 7
47 151 0 7
48 235 0 7
49 121 0 4
50 174 0 4
51 169 0 4
52 167 0 4
53 167 0 4
54 171 0 4
55 172 0 4
56 178 0 4
57 174 0 4
58 351 0 20
59 346 0 16
60 257 0 20
61 337 0 19
62 216308 0 302258
63 0 0 0
64 500 0 113
65 198 0 6
66 197 0 6
67 196863 0 172543
68 118 0 4
69 119 0 4
70 121 0 4
71 67 0 2
72 51198 0 22336
73 287 0 30
74 238 0 7
75 226 0 6
76 225 0 6
77 222 0 6
78 278 0 6
79 193 0 5
80 191 0 5
81 0 0 0
82 274 0 18
83 136 0 5
84 242 0 22
85 160 0 7
86 164 0 7
87 138 0 5
88 136 0 5
89 189 0 7
90 187 0 6
91 40 0 1
92 162 0 6
93 414 0 30
94 574 0 30
95 374 0 20
96 163 0 5
97 0 0 0
98 0 0 0
99 156 0 4
100 469 0 46
101 308 0 18
102 41464 0 17700
103 136 0 5
104 0 0 0
105 0 0 0
106 266 0 18
107 112 0 5
108 363 0 71
109 133 0 5
110 87 0 3
111 170 0 6
112 133 0 5
113 146 0 5
115 22741 0 23050
120 808717 0 3807963
124 5882884 0 76388701
125 12943 0 27850
126 1782139 0 9183151
127 105856 0 527701
128 267 0 276
130 20655 0 48992
132 6434685 0 60480400
133 5628242 0 10946931
136 324306 0 1246249
137 294675 0 1008687
138 26800 0 79853
139 10936 0 24856
140 343113 0 781652
141 34548 0 102347
145 2098 0 5554
146 14298 0 41592
147 2748 0 2095
148 16948 0 18793
149 6739 0 43405
150 8295 0 50972
154 186325 0 426409
156 1706505 0 11927180
157 219572 0 136607
158 608 0 459
159 310 0 239
160 7907 0 10666
161 170910 0 471026
162 112660 0 284700
163 4287 0 12107
164 185 0 20
165 154 0 9
166 1173 0 1507
167 105 0 3
168 388896 0 986775
169 1243935 0 2517306
170 89805 0 195192
171 11746 0 23347
172 143 0 46
173 725 0 2064
174 1823 0 4200
175 97 0 6
176 141 0 19
177 55 0 1
178 1595 0 5477
179 10282 0 12922
180 137 0 7
181 9245 0 10713
182 256744 0 856400
183 734089 0 2657899
184 575414 0 2205875
185 1563092 0 9185192
186 1824195 0 10945037
187 237 0 25
189 124046 0 99648
190 789 0 518
191 60379 0 299799
192 3785 0 7128
193 1488225 0 9185136
194 47913 0 61755
195 1668959 0 9182983
196 85370 0 197783
198 3495 0 13656
199 2075 0 9107
200 1456154 0 6213934
203 1165228 0 6207926
204 236 0 754
205 1496363 0 9354941
206 358173 0 519474
207 5513674 0 90668763
209 9426 0 14545
210 771 0 1153
213 6530806 0 7144
214 706837 0 979618
216 270 0 149
217 390221 0 2524828
218 27036 0 100654
219 11409 0 44946
220 148993 0 666755
221 38274 0 175856
223 40994 0 120963
224 364659 0 1044293
225 129922 0 515234
226 75179 0 346494
227 40762 0 110668
228 320297 0 1246249
229 94268 0 330263
230 3314 0 10634
231 208034 0 707921
233 53801 0 137062
234 40090 0 210707
235 3555 0 10651
236 590 0 1583
237 646 0 2137
238 347 0 903
239 415 0 1174
240 8224 0 23043
241 16270 0 38974
242 22674 0 57427
243 52214 0 129623
244 1010 0 3079
245 721 0 2692
246 51518 0 163913
247 31912 0 63946
248 12487 0 31198
249 148361 0 470510
250 210720 0 698052
251 2585 0 6971
252 149 0 267
253 242696 0 781475
254 15934 0 40411
255 6243 0 16737
256 87804 0 255719
257 152054 0 509196
258 131 0 328
259 73196 0 223250
260 20600 0 57782
261 289 0 853
262 278 0 791
263 2108 0 5457
264 7059 0 17017
265 99483 0 261362
266 314784 0 986547
267 787 0 1983
268 90 0 42
269 701 0 1827
270 182 0 415
271 367 0 861
272 284 0 570
273 5037 0 14544
274 2674 0 5924
275 88621 0 349595
276 47956 0 105025
277 2531 0 6131
278 3953 0 10685
279 1153 0 3665
280 433 0 1514
281 3562 0 8841
282 5608 0 17465
283 1602 0 4895
284 117 0 134
285 4210 0 9210
286 8285 0 21463
287 634 0 2356
288 10389 0 23956
289 842 0 3353
291 40695 0 57426
292 3608 0 6660
293 4735 0 7348
294 1743 0 3078
295 22407 0 31197
296 208875 0 470509
297 760 0 1783
298 5981 0 12106
299 4714 0 8277
300 61371 0 89382
301 7713 0 12385
302 43739 0 122621
303 663 0 1591
304 95670 0 256853
305 18629 0 23955
306 38390 0 49734
309 25096 0 42300
310 62259 0 89382
311 355986 0 781474
312 36698 0 57781
313 100158 0 260595
314 110742 0 291589
315 93124 0 246825
316 550 0 2680
318 29931 0 8135
323 112 0 128
324 323 0 959
325 499805 0 1170095
326 165 0 107
327 338 0 316
328 456 0 1051
329 253 0 383
330 147 0 116
331 540 0 997
332 180 0 206
333 146 0 96
334 134406 0 329816
335 486 0 1142
336 292 0 409
337 249 0 268
338 1489020 0 2004929
339 347343 0 843968
340 215 0 235
342 34812 0 26206
343 11473 0 13517
344 2533 0 3182
345 42389 0 28872
346 536554 0 843967
348 112 0 75
350 223937 0 996950
351 238432 0 966899
353 323033 0 903514
354 329745 0 966899
355 51612 0 386634
356 649273 0 12360733
357 221635 0 1697681
359 2625 0 192
360 25438 0 10047
361 40330 0 14707
362 2052 0 1704
365 108 0 53
367 424 0 601
368 4839 0 5856
369 164225 0 290937
370 2981 0 4086
371 20841 0 30030
372 228 0 239
373 65979 0 109029
374 774 0 789
375 273 0 269
376 701 0 900
377 90 0 13
378 73 0 59
379 243 0 289
380 376051 0 1088152
381 442 0 311
382 498 0 891
383 126 0 57
384 415 0 537
385 673 0 1006
386 366 0 390
387 18857 0 24859
388 47220 0 75470
389 2614 0 3848
390 229 0 146
391 2944 0 3835
392 1049907 0 2498646
393 213 0 127
394 60684 0 122137
395 767879 0 1363411
396 197 0 179
397 3547 0 5942
398 1983 0 3168
399 20591 0 28849
400 5576 0 8201
401 345 0 439
402 204 0 27
403 8275 0 11601
404 1724 0 2386
407 1048 0 783
408 837062 0 1085122
409 40817 0 61698
410 27991 0 24629
411 2011396 0 2498645
412 2337 0 1973
413 1212296 0 1363410
414 1039 0 693
415 38785 0 28848
416 743495 0 1111408
417 2856 0 2938
418 639 0 644
421 531926 0 877571
423 4995 0 26817
424 108465 0 78689
425 6584 0 38715
426 5895 0 24598
427 76706 0 343827
428 606832 0 2980690
429 48 0 1
430 1669 0 6997
432 30426 0 148521
433 85 0 121
434 2640 0 10807
435 10090 0 40612
436 3421 0 13698
437 3545 0 14188
438 3804 0 15692
439 304767 0 1357292
440 9678 0 40274
441 2378 0 9132
442 103 0 33
443 996109 0 9181545
444 172 0 224
445 35243 0 148635
448 50153 0 190623
449 226008 0 595733
453 91740 0 471980
454 69595 0 187488
455 330 0 623
456 2251 0 6603
457 17908 0 54309
458 916382 0 2312241
459 187986 0 907443
460 26193 0 58404
461 82236 0 323338
462 66936 0 114246
463 156708 0 332244
464 2062632 0 10728036
465 3153 0 250
466 1429 0 3172
467 15774 0 40641
468 22888 0 75658
469 6338 0 25297
470 154760 0 372911
471 4402 0 19764
472 2342709 0 37325506
473 113366 0 412629
474 176 0 4
475 337108 0 1389450
476 1134 0 3849
477 224132 0 720660
478 2010 0 7072
479 56682 0 196991
480 339235 0 1407164
482 3456 0 15674
483 534285 0 2482606
484 97 0 34
485 5895 0 14950
486 619986 0 3223122
487 313316 0 1002697
488 965367 0 2806245
489 15738 0 46544
490 69847 0 298949
491 2669818 0 20625442
492 8111 0 21673
493 4081 0 15654
495 2772 0 5007
496 2708 0 10669
497 224 0 503
498 230 0 0
499 450 0 1217
500 56312 0 217394
501 2511 0 9804
502 2195091 0 38410384
503 47798 0 120157
504 21656 0 67395
505 293 0 1
506 965 0 4606
507 29109 0 13685
508 91992 0 304233
509 505 0 44
510 180154 0 7431
511 70 0 0
512 27372 0 18895
513 182692 0 619721
514 1492684 0 10939242
515 5000815 0 31279152
516 37241 0 99335
517 62133 0 299672
518 9788 0 28466
519 34303 0 168371
520 2989986 0 47822521
521 154296 0 535787
522 1676696 0 11773978
523 112381 0 412629
524 19670 0 38542
525 116 0 9
526 3890 0 12049
527 122 0 46
528 4048 0 6312
529 172 0 24
531 1058 0 3331
532 746476 0 2043472
533 311 0 440
534 149 0 419
535 107138 0 547067
536 26161 0 58191
537 2180620 0 8765836
538 173860 0 679117
539 4446 0 18635
540 5907743 0 90321703
541 197828 0 856148
542 1727 0 6630
543 191 0 353
544 454 0 1980
545 4033841 0 55722209
546 10468 0 35915
547 113138 0 439163
548 6246 0 16711
549 15312 0 47444
550 62628 0 402620
551 561215 0 1978576
552 718620 0 2500603
553 56235 0 268452
554 118703 0 406072
555 7478 0 40268
556 586081 0 2651800
557 4786475 0 75238748
558 103235 0 363518
559 149 0 126
560 12583 0 27850
561 258186 0 1242624
562 159639 0 550791
563 24595 0 70830
564 1505 0 7318
565 435901 0 2197996
566 42871 0 82820
567 161 0 223
568 30406 0 62734
569 1535499 0 9182055
570 1436673 0 10915035
571 407 0 490
572 4255 0 10331
573 2241111 0 10609468
574 33481 0 75043
575 4529257 0 58080849
577 1888 0 4349
578 8849 0 15293
579 76695 0 109733
580 120536 0 586513
581 925309 0 2334221
582 979344 0 4094002
583 17155 0 50518
584 3105526 0 17155132
585 1184782 0 5920180
586 194371 0 630275
587 12579 0 26160
588 210380 0 795778
589 797313 0 2261878
590 56675 0 199106
591 103990 0 527700
592 49856 0 125051
593 16977 0 45892
594 133 0 104
595 5019 0 13303
596 4872 0 15015
597 372777 0 802694
598 61909 0 90422
599 501 0 1605
602 3340706 0 10725156
603 34110 0 95401
604 40200 0 17215
605 1204175 0 5916824
607 801 0 3206
608 1027069 0 9181644
609 856561 0 2980689
610 15080 0 82052
611 1029 0 4531
612 46253 0 245925
613 42389 0 188351
614 75 0 0
616 1325 0 7272
617 114782 0 581652
618 3246 0 18192
619 8648 0 50091
620 921 0 4889
624 137891 0 577627
625 12572 0 27850
626 1513401 0 9182055
627 2837 0 14027
628 95 0 78
629 80 0 29
631 271 0 228
632 94 0 16
634 394 0 61
637 79 0 8
638 981 0 4731
639 192 0 140
640 51527 0 22336
641 2453 0 781
642 42422 0 17700
643 98137 0 22335
644 79801 0 17699
649 11284 0 47609
651 18984 0 211
652 682593 0 642941
656 105029 0 22291
657 86087 0 17474
658 105381 0 22291
659 85472 0 17474
