1 0.045733
2 0.000302
3 0.000439
4 0.000455
5 0.000465
6 0.000454
7 0.000496
8 0.000216
9 0.000212
10 0.000404
11 1.311258
12 0.000244
13 0.00019
14 0.000211
15 0.000209
16 0.00022
17 0.000209
18 0.000208
19 0.000227
20 0.000211
21 0.000246
22 0.000207
23 0.000186
24 0.000703
25 0.000156
26 0.0002
27 0.000138
28 0.000125
29 0.000151
30 4.8e-05
31 0.000153
32 0.000101
33 0.000155
34 0.000151
35 0.000152
36 0.000151
37 0.000175
38 0.001569
39 0.000149
40 0.00015
41 0.000161
42 0.000153
43 0.000165
44 0.000167
45 0.000184
46 0.000174
47 0.000157
48 0.000261
49 0.000194
50 0.000203
51 0.000179
52 0.000126
53 0.000134
54 0.000125
55 0.000139
56 0.000146
57 0.000134
58 0.00033
59 0.000293
60 0.000302
61 0.000292
62 0.22636
63 0.0
64 0.000604
65 0.000215
66 0.000192
67 0.206002
68 0.000183
69 0.000131
70 0.000135
71 7.9e-05
72 0.054274
73 0.00028
74 0.000191
75 0.000177
76 0.000175
77 0.000174
78 0.000177
79 0.000154
80 0.00015
81 0.0
82 0.000242
83 0.000206
84 0.000266
85 0.000197
86 0.000188
87 0.000162
88 0.000169
89 0.000185
90 0.000164
91 5.8e-05
92 0.000183
93 0.000374
94 0.000365
95 0.000279
96 0.000134
97 0.0
98 0.0
99 0.000125
100 0.000277
101 0.000458
102 0.044903
103 0.000239
104 0.0
105 0.0
106 0.000367
107 0.000174
108 0.00048
109 0.000177
110 0.000119
111 0.000221
112 0.000177
113 0.000223
115 0.025439
120 0.937271
124 6.618278
125 0.014063
126 2.013223
127 0.10601
128 0.000368
130 0.020993
132 7.155091
133 6.311389
136 0.412725
137 0.325413
138 0.028047
139 0.011816
140 0.399181
141 0.037493
145 0.002623
146 0.015095
147 0.003128
148 0.018273
149 0.007288
150 0.008597
154 0.214639
156 1.956107
157 0.246534
158 0.000798
159 0.000333
160 0.009883
161 0.188897
162 0.115155
163 0.004573
164 0.000158
165 0.000142
166 0.001133
167 0.000108
168 0.425491
169 1.296168
170 0.091409
171 0.011808
172 0.000176
173 0.000754
174 0.001804
175 0.00017
176 0.000164
177 6.2e-05
178 0.001684
179 0.010443
180 0.000172
181 0.010525
182 0.257116
183 0.797361
184 0.631287
185 1.745046
186 2.413421
187 0.00031
189 0.126698
190 0.000824
191 0.064441
192 0.00383
193 1.715855
194 0.054753
195 1.787173
196 0.088086
198 0.003968
199 0.002146
200 2.276547
203 1.978027
204 0.000348
205 1.745087
206 0.510945
207 6.879475
209 0.010436
210 0.000862
213 7.457529
214 0.774623
216 0.000356
217 0.615033
218 0.028353
219 0.011753
220 0.160488
221 0.039156
223 0.041618
224 0.309048
225 0.134493
226 0.081568
227 0.043033
228 0.374364
229 0.097397
230 0.003466
231 0.223679
233 0.056124
234 0.041958
235 0.003887
236 0.000628
237 0.000645
238 0.00032
239 0.000377
240 0.009441
241 0.017116
242 0.024062
243 0.054485
244 0.001111
245 0.000761
246 0.051934
247 0.035296
248 0.013327
249 0.150939
250 0.227111
251 0.002998
252 0.00023
253 0.274512
254 0.017479
255 0.006373
256 0.09146
257 0.154702
258 0.000216
259 0.078573
260 0.022531
261 0.000411
262 0.000344
263 0.002201
264 0.007573
265 0.102909
266 0.357521
267 0.000956
268 0.000102
269 0.00083
270 0.000246
271 0.000429
272 0.000346
273 0.005476
274 0.002914
275 0.092126
276 0.050916
277 0.003373
278 0.004396
279 0.001018
280 0.000457
281 0.003732
282 0.005925
283 0.001664
284 0.000142
285 0.004363
286 0.008502
287 0.000684
288 0.011346
289 0.000929
291 0.042657
292 0.003726
293 0.004929
294 0.001775
295 0.023376
296 0.256692
297 0.000963
298 0.006578
299 0.005144
300 0.065093
301 0.008684
302 0.047785
303 0.000758
304 0.104942
305 0.019317
306 0.040814
309 0.02707
310 0.065509
311 0.403244
312 0.039989
313 0.103757
314 0.119602
315 0.098826
316 0.000711
318 0.033206
323 0.000262
324 0.000341
325 0.594515
326 0.000231
327 0.000357
328 0.000494
329 0.000278
330 0.00019
331 0.00062
332 0.000242
333 0.000183
334 0.144547
335 0.000579
336 0.000291
337 0.00023
338 1.674891
339 0.386979
340 0.000281
342 0.037955
343 0.011728
344 0.002679
345 0.045551
346 0.598671
348 0.000187
350 0.252918
351 0.23169
353 0.350471
354 0.359452
355 0.053637
356 0.731247
357 0.243746
359 0.003118
360 0.027322
361 0.054376
362 0.002199
365 0.000155
367 0.000585
368 0.005741
369 0.173489
370 0.003131
371 0.021789
372 0.000305
373 0.068605
374 0.000835
375 0.000293
376 0.000741
377 0.000111
378 9.8e-05
379 0.000268
380 0.403369
381 0.000455
382 0.000528
383 0.000171
384 0.000475
385 0.000785
386 0.000439
387 0.02106
388 0.049703
389 0.00282
390 0.000247
391 0.003152
392 1.154856
393 0.00029
394 0.070385
395 0.729355
396 0.000271
397 0.0041
398 0.002313
399 0.022804
400 0.006193
401 0.000574
402 0.000192
403 0.008965
404 0.001799
407 0.001066
408 1.02203
409 0.044766
410 0.029422
411 2.209799
412 0.002626
413 1.327345
414 0.000999
415 0.040498
416 0.809204
417 0.003242
418 0.000744
421 0.573779
423 0.005535
424 0.12404
425 0.005935
426 0.00605
427 0.091689
428 0.750144
429 0.000106
430 0.001938
432 0.031689
433 0.00016
434 0.002728
435 0.010677
436 0.003608
437 0.003831
438 0.004366
439 0.316856
440 0.011286
441 0.002578
442 9.9e-05
443 1.151164
444 0.000258
445 0.036131
448 0.053983
449 0.250997
453 0.09751
454 0.072585
455 0.000614
456 0.002316
457 0.018645
458 1.011987
459 0.207711
460 0.028339
461 0.085034
462 0.07129
463 0.160943
464 2.274833
465 0.006364
466 0.001683
467 0.019675
468 0.027988
469 0.007917
470 0.168717
471 0.003977
472 2.576855
473 0.117534
474 0.000188
475 0.451576
476 0.001208
477 0.271581
478 0.002122
479 0.061638
480 0.377186
482 0.003934
483 0.582402
484 0.000185
485 0.006724
486 0.675339
487 0.353737
488 1.162332
489 0.018984
490 0.06953
491 2.871619
492 0.009009
493 0.00663
495 0.002911
496 0.002761
497 0.000229
498 0.000308
499 0.000462
500 0.058294
501 0.002838
502 2.473284
503 0.049806
504 0.023031
505 0.000388
506 0.001011
507 0.029712
508 0.094413
509 0.000635
510 0.200204
511 0.000102
512 0.029386
513 0.202414
514 1.7352
515 5.814553
516 0.038951
517 0.064535
518 0.010019
519 0.03694
520 3.745495
521 0.165564
522 1.902271
523 0.131621
524 0.021092
525 0.000116
526 0.004139
527 0.000157
528 0.005624
529 0.000202
531 0.001307
532 0.812674
533 0.000453
534 0.000195
535 0.119799
536 0.028796
537 2.409306
538 0.183775
539 0.004962
540 6.638328
541 0.299266
542 0.001741
543 0.000293
544 0.000554
545 4.584222
546 0.01469
547 0.125207
548 0.005808
549 0.016332
550 0.068491
551 0.614013
552 0.802315
553 0.064201
554 0.12515
555 0.007691
556 0.665796
557 5.42872
558 0.112675
559 0.000228
560 0.014352
561 0.312329
562 0.175349
563 0.025219
564 0.001585
565 0.506326
566 0.046096
567 0.000217
568 0.03291
569 1.698219
570 1.577098
571 0.000481
572 0.004773
573 2.540085
574 0.037818
575 4.996064
577 0.002183
578 0.009632
579 0.081439
580 0.118318
581 0.994814
582 1.206085
583 0.020534
584 3.517423
585 1.32445
586 0.229673
587 0.013611
588 0.249271
589 0.857989
590 0.063282
591 0.107194
592 0.053003
593 0.017695
594 0.0002
595 0.005183
596 0.005107
597 0.388394
598 0.064464
599 0.000512
602 3.655728
603 0.035786
604 0.042187
605 1.478482
607 0.00093
608 1.137709
609 1.042271
610 0.015875
611 0.000979
612 0.048556
613 0.045314
614 0.000167
616 0.001365
617 0.131386
618 0.003492
619 0.009602
620 0.000846
624 0.157606
625 0.013679
626 1.712682
627 0.005097
628 0.000163
629 0.000104
631 0.000396
632 0.000163
634 0.000469
637 0.000138
638 0.001019
639 0.000364
640 0.054232
641 0.002578
642 0.04387
643 0.103695
644 0.082862
649 0.012148
651 0.020103
652 0.762109
656 0.112684
657 0.091485
658 0.112538
659 0.091073
