1 0.025991351 1.089125468 6
2 0.00757076 0.696010884 20
4 0.014457943 3.8176911430000002 16
5 0.01267624 3.606409269 18
6 0.012861724 3.569306049 17
8 0.004876089 0.944230959 7
9 0.00538983 0.9506874989999999 6
10 0.009929284 3.59998683 42
11 0.735974264 2.929344892 37280216
12 0.003840755 0.8929884849999999 6
13 0.004011718 0.954015059 6
14 0.006050524000000001 0.938592899 6
15 0.0060909679999999996 0.9388063950000001 6
16 0.005351140999999999 0.9673943660000001 6
17 0.004696171999999999 0.964827683 6
18 0.004789441 0.971438319 6
19 0.005184635 0.958262723 6
20 0.007423117 1.273896544 6
22 0.004232812 0.99931361 7
23 0.004556063 1.1776841089999999 5
24 0.016265599 0.715839411 36
25 0.004162291 1.0133177709999999 7
26 0.0057552969999999995 0.943014279 8
27 0.003195932 0.970169946 4
28 0.005006180000000001 0.964370368 5
29 0.0060658249999999995 0.9610749129999999 5
30 0.0006877039999999999 1.000394254 1
31 0.004027112 0.946364867 6
32 0.0027072759999999998 0.949498392 3
33 0.005315436 0.944436235 5
34 0.004017403 0.9437255379999999 9
35 0.00401302 0.936182716 6
36 0.0040430909999999995 0.946774657 6
37 0.004632354 0.950090955 6
38 0.045824276 3.626433011 237
39 0.005206847 0.96643475 5
40 0.004211192 0.993798877 6
41 0.00409418 0.9452677020000001 7
42 0.00451632 0.9481177190000001 5
43 0.004327892 0.946366986 7
44 0.004721970000000001 0.969573947 7
45 0.005029374 0.953211865 7
46 0.004049311 0.9710139649999999 7
47 0.00438032 0.967217703 7
48 0.004652267 0.991045754 7
49 0.0030675999999999998 0.9525526280000001 4
50 0.004716771 0.9516218510000001 4
51 0.0031296550000000003 0.9548025720000001 4
52 0.0033653389999999997 0.948349039 4
53 0.0037051849999999997 0.944038142 4
54 0.003927262 0.932869965 4
55 0.004337657 0.974208827 4
56 0.003185837 0.950352907 4
57 0.004432959 0.927857583 4
59 0.010585716 3.54205708 16
60 0.008787821 3.498613135 20
61 0.009890201999999999 3.5467223220000004 19
62 0.21968164300000004 0.669083066 302258
63 0.215051261 0.6531808170000001 302257
64 0.016563716 3.52855534 113
65 0.005935126000000001 0.9400976040000001 6
66 0.004990229999999999 0.9482750289999999 6
67 9.035057916 1.224278205 172543
68 0.003245637 0.9450061879999999 4
69 0.003425434 0.962728666 4
70 0.003944284 0.958846956 4
71 0.001608137 0.953706029 2
72 0.069303518 0.680494059 22336
73 0.008155274 0.702650272 30
74 0.0055340910000000005 0.942966463 7
75 0.006364895000000001 0.944261585 6
76 0.004936767 0.940550615 6
77 0.005646056 0.9244934459999999 6
78 0.005390524999999999 0.95385961 6
79 0.004318546 0.949309736 5
80 0.004747843 0.9497959220000001 5
81 0.002935482 3.550227633 2
83 0.005525489 0.917418387 5
84 0.009680361 3.510007287 22
85 0.005030135 0.966729873 7
86 0.00482684 0.957435863 7
87 0.006016242 0.949814663 5
88 0.004421734 0.952297779 5
89 0.004925167 0.9482424899999999 7
90 0.004219881 0.940361581 6
91 0.00068454 0.934304509 1
92 0.005415152 0.9346542539999999 6
96 0.0031988919999999996 0.964935304 5
98 0.012256630999999999 3.522801542 115
99 0.0032147 0.9534645620000001 4
100 0.010742054000000001 0.690830039 46
102 0.06971539 0.637237672 17700
103 0.0043879669999999996 0.967711225 5
105 0.007069756999999999 1.944791493 1
107 0.003230022 0.959343051 5
108 0.013492536 3.5349819350000002 71
109 0.003987154 0.949191216 5
110 0.0022942979999999997 0.96776688 3
111 0.005286937 0.953794458 6
112 0.004741684 0.939076903 5
113 0.004054075 0.9525703959999999 5
114 0.00067379 0.699977882 1
115 0.056824716 7.422026113 21068
117 0.0007048450000000001 0.6901743810000001 0
118 0.009224045 3.5064713760000004 14
122 0.00071559 0.6538576509999999 0
123 0.006994912 3.556163457 13
124 7.198782639 5.100736335 76388701
125 0.022784865 5.0679762980000005 27850
126 0.797357756 5.137624117 9183151
127 0.055943779 5.050051589 527701
132 11.280905923 3.576613531 60480400
134 0.001550226 2.810352704 0
136 0.087654443 1.625633419 1246249
137 0.108977683 1.975148616 1008687
138 0.011646786 2.004939479 79853
139 0.012491381 1.554992352 24856
144 0.00167331 1.054066183 1
145 0.0072152169999999995 1.976445284 5554
146 0.019194328 1.979774036 41592
148 0.020552424 2.272483253 18793
149 0.005928885 1.936114297 43405
150 0.0077123090000000005 1.9121028389999999 50972
153 0.001224699 1.2160065759999998 0
156 0.735590081 3.531502348 11927180
157 0.131066008 3.487813821 136607
158 0.01517233 1.624851974 459
159 0.008199329 1.617004806 239
160 0.021130405999999997 1.6065881770000001 10666
161 0.169960762 1.60998206 471026
162 0.131347719 1.602189476 284700
163 0.007460899 1.597693395 12107
164 0.005336658 1.5996580729999998 20
165 0.004503724 1.6154421069999998 9
166 0.013773976 1.6306256140000002 1507
167 0.003088435 1.602538914 3
168 0.5709874199999999 1.594257082 986775
169 0.609510169 1.5424108399999998 2517306
170 0.12307234600000001 1.568026897 195192
171 0.017251748 1.608619435 23347
172 0.005026219 1.641232275 46
173 0.0060667839999999995 1.6000118300000001 2064
174 0.007875337999999999 1.5953467110000001 4200
175 0.002833279 1.627292044 6
176 0.005120817 1.6038301970000002 19
177 0.0011491189999999999 1.624450794 1
178 0.005968152 1.60556247 5477
179 0.025813963 1.583986051 12922
180 0.0048413069999999996 1.5893583089999999 7
189 0.04516143 3.569676882 99648
194 0.032074314 3.582336141 61755
195 0.5424764769999999 4.458015792 9182983
198 0.007104841999999999 3.530442554 13656
199 0.003752836 3.528520636 9107
200 1.110143366 3.5573554699999996 6213934
201 0.001667864 2.848485829 0
202 0.0015377260000000001 2.8771500669999996 0
203 0.700512642 3.5359554369999997 6207926
204 0.0049418890000000005 4.456696087999999 754
205 2.509069957 3.533413276 9354941
206 0.14273155199999998 3.5154953420000004 519474
207 17.343903018 3.540955512 90668763
208 0.028733126 3.571243049 141
210 0.011808222 1.337906695 1153
212 0.001616532 4.972368126 0
213 9.802124983999999 5.122707975 7144
214 0.266993793 4.615721397 979618
217 0.146101804 0.715695051 2524828
218 0.040093137 1.003810756 100654
219 0.015610453 1.011893121 44946
220 0.22467008499999996 1.077916553 666755
221 0.019691455 1.730442163 175856
223 0.019053868999999998 1.659478378 120963
224 0.063192825 1.638301565 1044293
225 0.043274321000000004 1.61655471 515234
226 0.035429050000000004 1.6872624280000001 346494
227 0.01576718 1.640758804 110668
228 0.087762046 1.638507804 1246249
229 0.034230816 1.6416147280000002 330263
230 0.009765804 1.6467288549999999 10634
231 0.08587701700000001 1.700747041 707921
232 0.001049218 1.6171605890000003 0
233 0.017333893 1.6471805389999998 137062
234 0.013140800999999999 1.654323858 210707
235 0.006242908 0.942861184 10651
236 0.003513925 0.948330683 1583
237 0.003055126 0.9488586840000001 2137
238 0.002948316 0.9832011110000001 903
239 0.002532817 0.937196365 1174
240 0.009065108 0.94167326 23043
241 0.008527985 0.935512264 38974
242 0.014293997999999999 0.948892327 57427
243 0.016990993 0.9691645990000001 129623
244 0.003724323 0.9643183320000001 3079
245 0.003515627 0.9559021999999999 2692
246 0.022660957 0.96059383 163913
247 0.014491842000000001 0.9566883789999999 63946
248 0.009118468999999999 0.943606972 31198
249 0.064997626 0.948449095 470510
250 0.076953727 0.942856831 698052
251 0.0065309949999999995 0.949593468 6971
252 0.0024723899999999997 1.012737165 267
253 0.06885029 0.96612486 781475
254 0.008082616 0.950750311 40411
255 0.005716845 0.951066977 16737
256 0.034643057 0.9475227589999999 255719
257 0.062396697 0.948526125 509196
258 0.001597993 0.936317189 328
259 0.040526033 0.945017146 223250
260 0.011225658999999999 0.9406019640000001 57782
261 0.002882403 0.94590871 853
262 0.002552479 0.945326228 791
263 0.0057488059999999995 0.9663492539999999 5457
264 0.008264558000000002 1.0008844449999998 17017
265 0.034575528 0.95741487 261362
266 0.09601390700000001 0.953900749 986547
267 0.003718237 0.949671943 1983
268 0.001573552 0.939433352 42
269 0.003727186 0.9488657149999999 1827
270 0.0036664140000000002 0.948698956 415
271 0.004266951 0.941417951 861
272 0.004531524 0.9339636339999999 570
273 0.0065968599999999995 0.945561527 14544
274 0.006242992 0.957026794 5924
275 0.066573304 0.9434602390000001 349595
276 0.021269505 0.962803476 105025
277 0.006377186 0.9482538079999999 6131
278 0.005893759 0.9429284250000001 10685
279 0.00364452 0.9581109080000001 3665
280 0.0027351619999999997 0.9376620550000001 1514
281 0.006103913999999999 0.9432218179999999 8841
282 0.007898294 0.996099494 17465
283 0.0042589459999999996 0.963029149 4895
284 0.002321464 0.9576975169999999 134
285 0.007617828 1.01257347 9210
286 0.007248523 0.948093607 21463
287 0.002852963 0.9531042639999999 2356
288 0.00702048 0.94487631 23956
289 0.00337287 0.9363499120000001 3353
290 0.001026676 0.929775899 1
291 0.015446122 0.9273441219999999 57426
292 0.0044114409999999995 0.935499921 6660
293 0.005204269 0.9394698419999999 7348
294 0.003956689 0.959466307 3078
295 0.009091445 0.952978358 31197
296 0.07857683 0.9468471949999999 470509
297 0.002885104 0.969004816 1783
298 0.004728949 0.944714236 12106
299 0.005981935999999999 0.9298826530000001 8277
300 0.019005849 0.9844855849999999 89382
301 0.008357869 0.934523658 12385
302 0.018255212 0.9316121559999999 122621
303 0.0029229050000000004 0.926242389 1591
304 0.039454871 0.93716054 256853
305 0.007809136 0.940657938 23955
306 0.01727425 0.957021199 49734
307 0.000660368 0.9438584050000001 0
309 0.016195696 0.946483982 42300
310 0.018798810000000003 1.009965316 89382
311 0.08681878900000001 0.934386698 781474
312 0.017435581999999998 0.9543351189999999 57781
313 0.078414789 0.9347289769999999 260595
314 0.245511483 1.95134398 291589
315 0.118436523 3.7640720699999997 246825
316 0.002136768 0.935247554 2680
317 0.0022909270000000003 1.979622091 1
318 0.023527134999999998 1.535806068 8135
322 0.0006992000000000001 0.6149264649999999 0
323 0.002132101 1.302190432 128
324 0.003969617 1.295104655 959
325 0.13364901800000004 0.6997242889999999 1170095
326 0.003191951 0.688204991 107
327 0.005886513 0.682538149 316
328 0.004353442 0.667488336 1051
329 0.004014789 0.68249738 383
330 0.004189058 0.671315787 116
331 0.007495938 0.6784532879999999 997
332 0.003213419 0.6764231610000001 206
333 0.003194377 0.6778108660000001 96
334 0.049089767 0.6793124869999999 329816
335 0.0043241220000000006 0.68928165 1142
336 0.004440083 0.731756155 409
337 0.004304219 0.7004570630000001 268
338 0.381566248 0.7009622849999999 2004929
339 0.095397835 0.6686728670000001 843968
340 0.003212556 0.708229168 235
341 0.000683725 0.686318899 1
342 0.021808247 0.690432769 26206
343 0.009915125 0.688090637 13517
344 0.009646806 0.6848824050000001 3182
345 0.022217894000000002 0.692511021 28872
346 0.122463921 0.682528581 843967
347 0.000924743 1.373021527 0
348 0.0028061970000000003 0.705386143 75
350 0.139793824 1.098648816 996950
351 0.27440763900000004 1.074241154 966899
352 0.002975658 1.043371696 1
353 0.095924449 1.15849994 903514
354 0.27292860999999996 1.1234070390000002 966899
356 0.16710457 3.936817138 12360733
357 0.075298878 1.6603127379999998 1697681
358 0.0022701410000000003 1.663571443 1
359 0.016210933 1.2387503640000002 192
360 0.022386569 1.6318305819999999 10047
361 0.035166883999999995 1.610857724 14707
362 0.011267246 1.6457909259999999 1704
365 0.001814592 0.6608195990000001 53
367 0.00598573 0.69063313 601
368 0.014261772 0.685125497 5856
369 0.08045893099999998 0.706236414 290937
370 0.012515107 0.70930402 4086
371 0.016673626 0.700399097 30030
372 0.004118203000000001 0.6995172879999999 239
373 0.023574902999999998 0.6908634 109029
374 0.011860639 0.685151134 789
375 0.004978338 0.6861708759999999 269
376 0.009274617 0.6830316529999999 900
377 0.003466988 0.702520257 13
378 0.001549848 0.721707091 59
379 0.0050314620000000004 0.6888061780000001 289
380 0.130391312 0.758687554 1088152
381 0.006799433 0.6943259620000001 311
382 0.0044172709999999995 0.6965454520000001 891
383 0.0039589479999999995 0.6874578910000001 57
384 0.006114346 0.691715894 537
385 0.006065388 0.683537169 1006
386 0.0058105959999999995 0.680544697 390
387 0.020388481 0.6999861110000001 24859
388 0.032448612 0.681214766 75470
389 0.014120663 0.688348096 3848
390 0.006672066 0.6931297 146
391 0.011877325000000001 0.6965428829999999 3835
392 0.571271494 0.6843907269999999 2498646
393 0.004658412000000001 0.651539353 127
394 0.023440276000000003 0.6910611759999999 122137
395 0.305931578 0.689183103 1363411
396 0.003784496 0.6985489380000001 179
397 0.009631686 0.7120136389999999 5942
398 0.010732106 0.687339265 3168
399 0.017113098 0.6783654819999999 28849
400 0.013003474000000001 0.683001299 8201
401 0.006120100000000001 0.697139298 439
402 0.003345563 0.6823520209999999 27
403 0.014377536 0.673865652 11601
404 0.010730420000000001 0.683692794 2386
405 0.0009342910000000001 0.705593003 1
406 0.00072083 0.695992196 1
407 0.008647541 0.7520959 783
408 0.394345289 0.683485801 1085122
409 0.020301134999999998 0.662606836 61698
410 0.014068948 0.684534015 24629
411 0.69401407 0.68304 2498645
412 0.008137097 0.6606529329999999 1973
413 0.376301775 0.731908451 1363410
414 0.008393135 0.6618959640000001 693
415 0.019110578000000003 0.693869498 28848
416 0.167695196 0.6887458000000001 1111408
417 0.012923405 0.6964626620000001 2938
418 0.007384662 0.7324635509999999 644
419 0.000716389 0.7037274960000001 0
420 0.000717861 0.713531363 0
421 0.11776580499999999 0.7024542220000001 877571
422 0.001983055 3.5309876510000002 1
423 0.003664574 0.8414473589999999 26817
424 0.23386382 1.746934624 78689
425 0.002746701 1.43143478 38715
426 0.010063378000000001 2.871787493 24598
427 0.051835119 2.8287956419999998 343827
428 0.24364079299999994 2.843565662 2980690
429 0.0006771079999999999 2.853437264 1
430 0.0046521390000000004 2.959513704 6997
432 0.047527404 2.903748993 148521
433 0.001525834 2.855910034 121
434 0.004403523 2.861678891 10807
435 0.020222641 2.841392264 40612
436 0.013334641 2.832870152 13698
437 0.007573979999999999 2.895484076 14188
438 0.005250229 2.836480354 15692
439 0.191302785 2.829710114 1357292
440 0.013480809 2.8455420640000004 40274
441 0.00493036 2.876480217 9132
442 0.0015435619999999998 2.823772891 33
443 2.612663391 2.8352261359999997 9181545
444 0.002444621 2.8201277609999997 224
445 0.026984797999999997 2.818606478 148635
447 0.0015441410000000002 2.8640840300000003 2
448 0.06638427000000001 2.899477268 190623
449 0.07205721600000001 2.890817593 595733
453 0.044448078999999995 3.622605677 471980
454 0.031524451 3.652107895 187488
455 0.008976755 3.524570299 623
456 0.008367745999999999 3.63855256 6603
457 0.009459407999999999 3.587402035 54309
458 0.31558557299999995 3.492659228 2312241
459 0.057262718000000004 3.517928852 907443
460 0.019316159 3.6099334720000003 58404
461 0.04983941 3.503379969 323338
462 0.039695328 3.604973497 114246
463 0.065483686 3.539091225 332244
464 0.7399123249999999 3.586909975 10728036
465 0.022394174 3.631348151 250
466 0.009266216 3.559563034 3172
467 0.013048383 3.589070151 40641
468 0.012616181 3.5488393709999997 75658
469 0.006724937 3.506736534 25297
470 0.087925703 3.596838472 372911
471 0.004868517 3.5900817689999998 19764
472 2.237448192 3.56770324 37325506
473 0.050158934 3.514917584 412629
474 0.005487993 3.604447383 4
475 0.079578609 3.621469083 1389450
476 0.005783433 3.573971895 3849
477 0.07642489899999998 3.580613805 720660
478 0.005966470000000001 3.737858 7072
479 0.02471999 3.592482412 196991
480 0.09507423499999998 3.529715398 1407164
482 0.006159797 3.526587475 15674
483 0.137490374 3.552882165 2482606
484 0.001944078 3.526840596 34
485 0.012541742 3.511176373 14950
486 0.171225071 3.527565008 3223122
487 0.08766567 3.5705053619999996 1002697
488 0.260978443 3.505835218 2806245
489 0.011817281999999998 3.600596598 46544
490 0.040756043 3.521614247 298949
491 1.229321702 3.494808313 20625442
492 0.010544296 3.480556407 21673
493 0.006299771 3.535303945 15654
495 0.011768523999999999 3.5696371940000002 5007
496 0.007183676000000001 3.6516922800000002 10669
497 0.0043031300000000005 3.5603337400000004 503
498 0.007806855 3.586831349 0
499 0.005676134 3.603401609 1217
500 0.036493391 3.5952517289999997 217394
501 0.008341245999999998 3.619631119 9804
502 2.29035199 3.716988701 38410384
503 0.019579172 3.517557585 120157
504 0.011431825000000001 3.6173627749999997 67395
505 0.014423937 3.626835178 1
506 0.004712145 3.7520451579999996 4606
507 0.034403087 3.825148642 13685
508 0.04111613 3.712933012 304233
509 0.010394852000000001 3.5667063089999997 44
510 0.5959194769999999 3.513251083 7431
511 0.0011855 3.486176827 0
512 0.025564564999999997 3.538391883 18895
513 0.052530307 3.511346513 619721
514 0.57324696 3.586328059 10939242
515 2.056517102 3.504012905 31279152
516 0.015518046 3.46053556 99335
517 0.0366286 3.530675117 299672
518 0.010122829 3.5099210210000003 28466
519 0.020151527 3.524352631 168371
520 2.7939005260000003 3.6392150290000003 47822521
521 0.052063562 3.493277441 535787
522 0.706721233 3.543961283 11773978
523 0.05418253899999999 3.483419298 412629
524 0.023901399 3.569212223 38542
525 0.002588572 3.5043049909999997 9
526 0.009516484 3.5007537220000002 12049
527 0.0025529 3.540951738 46
528 0.018840817 3.561779614 6312
529 0.004865549 3.5179886660000004 24
531 0.006128991 3.554143529 3331
532 0.17372127499999998 3.5086475779999997 2043472
533 0.005616465 3.640368413 440
534 0.002035809 3.5668122700000002 419
535 0.048733402 3.524516528 547067
536 0.017487576 3.55218327 58191
537 0.5651353470000001 3.556630394 8765836
538 0.051985184000000004 3.678125151 679117
539 0.006364523 3.737877974 18635
540 5.802608039 3.576945994 90321703
541 0.06186513100000005 3.563029696 856148
542 0.0058680780000000005 3.5721770090000002 6630
543 0.005318041 3.616309403 353
544 0.004130627 3.635467351 1980
545 3.1693766439999997 3.5183855139999998 55722209
546 0.009454645000000001 3.4628147429999996 35915
547 0.053713214 3.502356212 439163
548 0.007890655 3.541346146 16711
549 0.008876616 3.510045824 47444
550 0.041180997999999996 3.593319782 402620
551 0.146185859 3.717922964 1978576
552 0.187149286 3.5830156260000003 2500603
553 0.040097733999999996 3.563235147 268452
554 0.057765648999999995 3.596906181 406072
555 0.0058946450000000004 3.528549609 40268
556 0.174526079 3.6169470219999997 2651800
557 4.760720331 3.718134482 75238748
558 0.041497096 3.5363209870000003 363518
559 0.005067922 3.5885700070000004 126
560 0.014747979 3.60412806 27850
561 0.08010342299999995 3.573577639 1242624
562 0.054712969 3.54450113 550791
563 0.016475463 3.7498614470000002 70830
564 0.00420879 3.629144387 7318
565 0.125957179 3.531540927 2197996
566 0.026118362000000003 3.669027904 82820
567 0.0048827969999999995 3.540917296 223
568 0.018721169000000003 3.6169497919999998 62734
569 0.5170969 3.622004806 9182055
570 0.576297038 3.5813783530000003 10915035
571 0.007228009 3.560894047 490
572 0.018601381 3.60385862 10331
573 1.055009968 3.6239696439999998 10609468
574 0.018476765 3.70415129 75043
575 4.318410203 3.627895034 58080849
577 0.012993322 3.6895795860000002 4349
578 0.022014461 3.67525402 15293
579 0.030265240000000002 3.8906879389999998 109733
580 0.045121142 3.546567503 586513
581 0.328915424 3.5750549769999997 2334221
582 0.251892824 3.5085315240000003 4094002
583 0.012654450000000001 3.534535054 50518
584 1.0999069350000001 3.588918561 17155132
585 0.329596909 3.456772799 5920180
586 0.063309376 3.656888644 630275
587 0.020333925 4.103533281 26160
588 0.069932969 4.100833343 795778
589 0.16111666200000002 3.694029254 2261878
590 0.022836673 3.553526844 199106
591 0.045807756000000054 3.58456356 527700
592 0.015813685 3.654531007 125051
593 0.012182956 3.522078069 45892
594 0.004318006 3.545592053 104
595 0.010534191 3.57871883 13303
596 0.008137781 3.525621344 15015
597 0.11599923799999999 3.613407388 802694
598 0.033457456 3.5206906 90422
599 0.004529020000000001 3.525731972 1605
601 0.011521729 3.545120646 45
602 0.736502086 3.5580241800000003 10725156
603 0.017959161 3.519249704 95401
604 0.024812072 3.603623201 17215
605 0.33416978999999997 3.517173757 5916824
606 0.011397923 3.521970946 44
609 0.26469206300000003 2.922103676 2980689
610 0.004691693 3.500713003 82052
611 0.002997081 3.543896539 4531
612 0.01186372 3.560865029 245925
613 0.012079326 3.5487540720000004 188351
614 0.002767014 3.5919262009999997 0
616 0.00471466 3.5820851 7272
617 0.027870512 3.516931584 581652
618 0.003371429 3.601429505 18192
619 0.00356545 3.5771200729999997 50091
620 0.004168258 3.6060277939999996 4889
621 0.0028396669999999997 3.579964414 2
622 0.0014876800000000001 2.859056565 0
625 0.012638767 3.5585557709999995 27850
626 0.51685203 3.666084894 9182055
628 0.002355542 3.550716645 78
629 0.00231294 3.663818362 29
630 0.00194647 3.72375225 1
631 0.006154422 0.721377209 228
632 0.002789971 0.7207638270000001 16
633 0.017061865000000002 0.7095334050000001 31
634 0.012056675999999999 0.723167708 61
635 0.017187542 0.7352869949999999 30
637 0.00195694 0.6700318869999999 8
638 0.0019272260000000002 0.6930906159999999 4731
639 0.004093219 0.574158438 140
640 0.065171699 0.647806696 22336
641 0.039730843 0.651818209 781
642 0.063597853 0.646833474 17700
643 0.069554576 0.6333227659999999 22335
644 0.068175993 0.633823877 17699
645 0.000671495 0.628981012 0
649 0.016734899 0.6298949990000001 47609
651 0.027459443 1.487916443 211
652 0.397721736 3.5299055249999998 642941
655 0.00098873 3.521534321 0
656 0.14098046900000002 1.3620162009999999 22291
657 0.15400095000000003 1.431536655 17474
658 0.126715163 1.2821238659999998 22291
659 0.13104453900000002 1.227943808 17474
660 0.001195433 1.548343838 1
